 col 1: Daily Depth (m)
 col 2: Daily Average Aqueous Conc. in Water Columm, kg/m3 
 col 3: Daily Average Aqueous Conc. in Benthic Zone, kg/m3
 col 4: Daily Peak Aqueous Conc. in Water Column, kg/m3
        3287 = Start Day (number of days since 1900)
  1.991     , 0.0000E+000, 0.0000E+000, 0.0000E+000
  2.000     , 0.0000E+000, 0.0000E+000, 0.0000E+000
  1.982     , 0.0000E+000, 0.0000E+000, 0.0000E+000
  1.967     , 0.0000E+000, 0.0000E+000, 0.0000E+000
  1.956     , 0.0000E+000, 0.0000E+000, 0.0000E+000
  1.936     , 0.0000E+000, 0.0000E+000, 0.0000E+000
  1.916     , 0.0000E+000, 0.0000E+000, 0.0000E+000
  1.897     , 0.0000E+000, 0.0000E+000, 0.0000E+000
  1.877     , 0.0000E+000, 0.0000E+000, 0.0000E+000
  1.856     , 0.0000E+000, 0.0000E+000, 0.0000E+000
  1.834     , 0.0000E+000, 0.0000E+000, 0.0000E+000
  1.805     , 0.0000E+000, 0.0000E+000, 0.0000E+000
  1.779     , 0.0000E+000, 0.0000E+000, 0.0000E+000
  1.754     , 0.0000E+000, 0.0000E+000, 0.0000E+000
  1.727     , 0.0000E+000, 0.0000E+000, 0.0000E+000
  1.699     , 0.0000E+000, 0.0000E+000, 0.0000E+000
  1.673     , 0.0000E+000, 0.0000E+000, 0.0000E+000
  1.646     , 0.0000E+000, 0.0000E+000, 0.0000E+000
  1.619     , 0.0000E+000, 0.0000E+000, 0.0000E+000
  1.643     , 0.0000E+000, 0.0000E+000, 0.0000E+000
  2.000     , 8.8322E+006, 1.5125E+005, 4.1798E+010
  2.000     , 1.2087E+006, 1.6929E+005, 4.8340E+008
  2.000     , 6.7880E+004, 1.6755E+005, 4.2001E+008
  2.000     , 1.0617E+003, 1.6464E+005, 3.4142E+007
  2.000     , 3.6218E+004, 1.6237E+005, 1.3646E+007
  1.979     , 8.3310E+004, 1.6007E+005, 7.2369E+002
  1.957     , 1.4422E+005, 1.5936E+005, 1.3046E+005
  1.933     , 1.5371E+005, 1.5915E+005, 1.5345E+005
  1.905     , 1.5504E+005, 1.5900E+005, 1.5561E+005
  1.878     , 1.5671E+005, 1.5887E+005, 1.5652E+005
  1.850     , 1.5688E+005, 1.5877E+005, 1.5872E+005
  1.820     , 1.5617E+005, 1.5866E+005, 1.5796E+005
  1.790     , 1.5636E+005, 1.5854E+005, 1.5725E+005
  1.757     , 1.5648E+005, 1.5843E+005, 1.5820E+005
  1.724     , 1.5635E+005, 1.5832E+005, 1.5790E+005
  1.754     , 1.5331E+005, 1.5818E+005, 1.5338E+005
  2.000     , 7.3649E+006, 2.8282E+005, 3.5211E+010
  1.971     , 1.4453E+005, 2.7880E+005, 1.0169E+002
  1.976     , 2.4881E+005, 2.7750E+005, 2.2413E+005
  1.981     , 2.6593E+005, 2.7706E+005, 2.6196E+005
  1.959     , 2.6937E+005, 2.7677E+005, 2.7057E+005
  2.000     , 2.5609E+005, 2.7640E+005, 2.6413E+005
  2.000     , 3.4770E+004, 2.7430E+005, 2.8923E+008
  2.000     , 1.2922E+005, 2.7031E+005, 5.5902E+001
  2.000     , 1.5097E+003, 2.6693E+005, 1.7880E+007
  2.000     , 1.3031E+005, 2.6308E+005, 3.7317E+001
  2.000     , 3.1451E+004, 2.6036E+005, 2.6825E+008
  2.000     , 1.9456E+003, 2.5580E+005, 7.4810E+007
  2.000     , 1.4680E+002, 2.5130E+005, 4.8267E+006
  1.968     , 1.2901E+005, 2.4770E+005, 1.2072E+001
  1.936     , 2.2441E+005, 2.4659E+005, 2.0365E+005
  2.000     , 4.1569E+006, 3.1506E+005, 9.2963E+008
  2.000     , 1.4822E+005, 3.1082E+005, 2.3936E+003
  2.000     , 1.6279E+003, 3.0692E+005, 1.7309E+008
  2.000     , 5.9356E+002, 3.0151E+005, 9.0770E+006
  1.985     , 1.5408E+005, 2.9719E+005, 3.1868E+001
  2.000     , 2.6281E+005, 2.9579E+005, 2.3877E+005
  1.971     , 2.8596E+005, 2.9530E+005, 2.7946E+005
  1.934     , 2.9128E+005, 2.9504E+005, 2.9400E+005
  2.000     , 2.7286E+005, 2.9467E+005, 2.8191E+005
  2.000     , 5.5762E+002, 2.9178E+005, 8.4062E+005
  2.000     , 1.3707E+004, 2.8686E+005, 3.3736E+008
  2.000     , 1.7208E+002, 2.8179E+005, 3.9894E+006
  1.973     , 1.4493E+005, 2.7774E+005, 1.8614E+001
  1.945     , 2.5239E+005, 2.7649E+005, 2.2880E+005
  1.913     , 2.7004E+005, 2.7613E+005, 2.6920E+005
  1.880     , 2.7173E+005, 2.7590E+005, 2.7423E+005
  1.855     , 2.7070E+005, 2.7567E+005, 2.7335E+005
  1.826     , 2.7054E+005, 2.7543E+005, 2.7262E+005
  1.793     , 2.7202E+005, 2.7521E+005, 2.7339E+005
  1.753     , 2.7226E+005, 2.7502E+005, 2.7615E+005
  1.713     , 2.7293E+005, 2.7482E+005, 2.7522E+005
  1.679     , 2.7003E+005, 2.7462E+005, 2.7600E+005
  1.660     , 2.6676E+005, 2.7436E+005, 2.6928E+005
  1.641     , 2.6630E+005, 2.7407E+005, 2.6789E+005
  1.608     , 2.6917E+005, 2.7381E+005, 2.6972E+005
  1.565     , 2.6929E+005, 2.7358E+005, 2.7461E+005
  1.522     , 2.6969E+005, 2.7335E+005, 2.7245E+005
  1.476     , 2.7039E+005, 2.7314E+005, 2.7472E+005
  1.475     , 2.6485E+005, 2.7288E+005, 2.6834E+005
  1.500     , 2.6235E+005, 2.7255E+005, 2.5978E+005
  1.469     , 2.6462E+005, 2.7225E+005, 2.6784E+005
  1.428     , 2.6484E+005, 2.7197E+005, 2.6879E+005
  1.383     , 2.6630E+005, 2.7170E+005, 2.6933E+005
  1.339     , 2.6435E+005, 2.7145E+005, 2.7136E+005
  1.292     , 2.6432E+005, 2.7117E+005, 2.6825E+005
  1.242     , 2.6670E+005, 2.7091E+005, 2.7025E+005
  1.205     , 2.6100E+005, 2.7065E+005, 2.7120E+005
  1.164     , 2.6019E+005, 2.7030E+005, 2.6301E+005
  1.118     , 2.6513E+005, 2.7001E+005, 2.6671E+005
  1.072     , 2.6315E+005, 2.6977E+005, 2.7255E+005
  1.028     , 2.6325E+005, 2.6949E+005, 2.6700E+005
 0.9936     , 2.6071E+005, 2.6922E+005, 2.6803E+005
 0.9545     , 2.6297E+005, 2.6892E+005, 2.6508E+005
 0.9060     , 2.6544E+005, 2.6869E+005, 2.7162E+005
 0.8490     , 2.6674E+005, 2.6849E+005, 2.7479E+005
 0.8172     , 2.6233E+005, 2.6827E+005, 2.7051E+005
  1.422     , 2.2654E+005, 2.6758E+005, 1.7475E+005
  1.657     , 2.4436E+005, 2.6693E+005, 2.2273E+005
  2.000     , 1.0511E+004, 2.6450E+005, 1.5148E+008
  1.955     , 1.3594E+005, 2.6069E+005, 3.1659E+001
  1.904     , 2.3659E+005, 2.5950E+005, 2.1589E+005
  1.854     , 2.5273E+005, 2.5912E+005, 2.5324E+005
  1.820     , 2.5056E+005, 2.5884E+005, 2.5624E+005
  1.779     , 2.5059E+005, 2.5853E+005, 2.5213E+005
  1.729     , 2.5283E+005, 2.5825E+005, 2.5541E+005
  1.677     , 2.5468E+005, 2.5801E+005, 2.5769E+005
  1.614     , 2.5635E+005, 2.5781E+005, 2.6080E+005
  1.547     , 2.5702E+005, 2.5763E+005, 2.6267E+005
  1.475     , 2.5647E+005, 2.5745E+005, 2.6367E+005
  1.400     , 2.5606E+005, 2.5726E+005, 2.6330E+005
  1.329     , 2.5560E+005, 2.5706E+005, 2.6274E+005
  1.295     , 2.5140E+005, 2.5681E+005, 2.5721E+005
  1.282     , 2.4939E+005, 2.5651E+005, 2.5064E+005
  2.000     , 1.5898E+006, 2.8122E+005, 7.3039E+008
  1.951     , 1.4559E+005, 2.7722E+005, 1.0604E+003
  1.903     , 2.5013E+005, 2.7593E+005, 2.3054E+005
  1.860     , 2.6597E+005, 2.7547E+005, 2.6559E+005
  1.811     , 2.7000E+005, 2.7516E+005, 2.7200E+005
  1.774     , 2.7232E+005, 2.7489E+005, 2.7337E+005
  2.000     , 2.4612E+005, 2.7443E+005, 2.4639E+005
  2.000     , 9.3256E+003, 2.7179E+005, 3.7305E+008
  2.000     , 1.3420E+005, 2.6782E+005, 1.1522E+001
  2.000     , 2.3257E+005, 2.6641E+005, 2.0658E+005
  2.000     , 2.1077E+006, 2.9978E+005, 1.3648E+010
  1.953     , 1.5435E+005, 2.9544E+005, 8.0167E+001
  1.890     , 2.6685E+005, 2.9405E+005, 2.4644E+005
  1.825     , 2.8366E+005, 2.9355E+005, 2.8584E+005
  1.753     , 2.8706E+005, 2.9319E+005, 2.9165E+005
  1.679     , 2.8911E+005, 2.9288E+005, 2.9464E+005
  1.610     , 2.8913E+005, 2.9258E+005, 2.9578E+005
  1.545     , 2.8879E+005, 2.9228E+005, 2.9515E+005
  1.476     , 2.8729E+005, 2.9198E+005, 2.9581E+005
  1.408     , 2.8727E+005, 2.9165E+005, 2.9349E+005
  1.330     , 2.8691E+005, 2.9133E+005, 2.9697E+005
  1.233     , 2.8798E+005, 2.9101E+005, 2.9863E+005
  1.131     , 2.9157E+005, 2.9073E+005, 3.0163E+005
  1.046     , 2.8958E+005, 2.9046E+005, 3.0382E+005
 0.9704     , 2.8625E+005, 2.9014E+005, 2.9905E+005
 0.8959     , 2.8913E+005, 2.8982E+005, 2.9705E+005
 0.8193     , 2.8993E+005, 2.8955E+005, 3.0363E+005
 0.7396     , 2.8819E+005, 2.8928E+005, 3.0445E+005
 0.6649     , 2.8599E+005, 2.8897E+005, 3.0201E+005
 0.5944     , 2.8541E+005, 2.8863E+005, 3.0027E+005
 0.5152     , 2.8575E+005, 2.8831E+005, 3.0454E+005
 0.4227     , 2.8552E+005, 2.8798E+005, 3.1103E+005
 0.3241     , 2.8696E+005, 2.8766E+005, 3.1580E+005
 0.2295     , 2.8591E+005, 2.8734E+005, 3.2098E+005
 0.1456     , 2.8315E+005, 2.8697E+005, 3.2011E+005
 0.6373E-001, 2.8305E+005, 2.8658E+005, 3.2316E+005
 0.1000E-004, 2.8087E+005, 2.8617E+005, 3.1872E+005
 0.1000E-004, 2.7594E+005, 2.8568E+005, 2.7646E+005
 0.1000E-004, 2.7900E+005, 2.8520E+005, 2.7566E+005
 0.1000E-004, 2.7740E+005, 2.8474E+005, 2.7918E+005
 0.2610E-001, 2.7323E+005, 2.8422E+005, 2.6118E+005
 0.1000E-004, 2.7564E+005, 2.8373E+005, 2.9105E+005
 0.1000E-004, 2.7659E+005, 2.8324E+005, 2.7372E+005
 0.1000E-004, 2.7539E+005, 2.8278E+005, 2.7671E+005
 0.1000E-004, 2.7365E+005, 2.8229E+005, 2.7503E+005
 0.1000E-004, 2.7146E+005, 2.8178E+005, 2.7328E+005
 0.1000E-004, 2.7174E+005, 2.8127E+005, 2.7103E+005
 0.1000E-004, 2.7206E+005, 2.8076E+005, 2.7160E+005
 0.1000E-004, 2.7146E+005, 2.8026E+005, 2.7189E+005
 0.1000E-004, 2.7035E+005, 2.7976E+005, 2.7120E+005
 0.1000E-004, 2.7101E+005, 2.7926E+005, 2.7004E+005
 0.1000E-004, 2.7183E+005, 2.7879E+005, 2.7091E+005
 0.1000E-004, 2.7094E+005, 2.7832E+005, 2.7174E+005
 0.1000E-004, 2.7057E+005, 2.7786E+005, 2.7065E+005
 0.1000E-004, 2.6910E+005, 2.7739E+005, 2.7036E+005
 0.1000E-004, 2.6758E+005, 2.7690E+005, 2.6875E+005
 0.1000E-004, 2.6594E+005, 2.7638E+005, 2.6724E+005
 0.1000E-004, 2.6850E+005, 2.7588E+005, 2.6557E+005
 0.1000E-004, 2.6511E+005, 2.7539E+005, 2.6863E+005
 0.1000E-004, 2.6745E+005, 2.7488E+005, 2.6449E+005
 0.1000E-004, 2.6681E+005, 2.7440E+005, 2.6757E+005
 0.1000E-004, 2.6533E+005, 2.7390E+005, 2.6651E+005
 0.1000E-004, 2.6754E+005, 2.7342E+005, 2.6498E+005
 0.1000E-004, 2.6404E+005, 2.7294E+005, 2.6763E+005
 0.1000E-004, 2.6369E+005, 2.7242E+005, 2.6342E+005
 0.1000E-004, 2.6534E+005, 2.7191E+005, 2.6349E+005
 0.1000E-004, 2.6380E+005, 2.7141E+005, 2.6533E+005
 0.1000E-004, 2.6278E+005, 2.7089E+005, 2.6341E+005
 0.1000E-004, 2.6192E+005, 2.7036E+005, 2.6248E+005
 0.1000E-004, 2.6137E+005, 2.6982E+005, 2.6162E+005
 0.1000E-004, 2.6085E+005, 2.6927E+005, 2.6111E+005
 0.1000E-004, 2.5898E+005, 2.6871E+005, 2.6059E+005
 0.1000E-004, 2.5992E+005, 2.6815E+005, 2.5855E+005
 0.1000E-004, 2.5847E+005, 2.6759E+005, 2.5984E+005
 0.1000E-004, 2.5866E+005, 2.6702E+005, 2.5807E+005
 0.1000E-004, 2.5868E+005, 2.6646E+005, 2.5848E+005
 0.1000E-004, 2.5784E+005, 2.6590E+005, 2.5846E+005
 0.1000E-004, 2.5732E+005, 2.6534E+005, 2.5753E+005
 0.1000E-004, 2.5650E+005, 2.6477E+005, 2.5705E+005
 0.1000E-004, 2.5262E+005, 2.6417E+005, 2.5619E+005
 0.1000E-004, 2.5354E+005, 2.6354E+005, 2.5196E+005
 0.1000E-004, 2.5632E+005, 2.6294E+005, 2.5345E+005
 0.1000E-004, 2.5632E+005, 2.6238E+005, 2.5640E+005
 0.1000E-004, 2.5638E+005, 2.6182E+005, 2.5607E+005
 0.1000E-004, 2.5511E+005, 2.6125E+005, 2.5617E+005
 0.1000E-004, 2.5328E+005, 2.6066E+005, 2.5474E+005
 0.1000E-004, 2.5024E+005, 2.6004E+005, 2.5286E+005
 0.1000E-004, 2.5062E+005, 2.5939E+005, 2.4967E+005
 0.1000E-004, 2.5149E+005, 2.5876E+005, 2.5046E+005
 0.1000E-004, 2.5164E+005, 2.5816E+005, 2.5134E+005
 0.1000E-004, 2.4933E+005, 2.5754E+005, 2.5141E+005
 0.1000E-004, 2.5051E+005, 2.5693E+005, 2.4883E+005
 0.1000E-004, 2.5047E+005, 2.5634E+005, 2.5045E+005
 0.1000E-004, 2.4850E+005, 2.5574E+005, 2.5022E+005
 0.1000E-004, 2.4583E+005, 2.5511E+005, 2.4804E+005
 0.1000E-004, 2.4508E+005, 2.5447E+005, 2.4531E+005
 0.1000E-004, 2.4441E+005, 2.5383E+005, 2.4478E+005
 0.1000E-004, 2.4431E+005, 2.5320E+005, 2.4410E+005
 0.1000E-004, 2.4364E+005, 2.5258E+005, 2.4406E+005
 0.1000E-004, 2.4221E+005, 2.5195E+005, 2.4332E+005
 0.1000E-004, 2.4235E+005, 2.5133E+005, 2.4181E+005
 0.1000E-004, 2.4220E+005, 2.5071E+005, 2.4215E+005
 0.1000E-004, 2.3976E+005, 2.5009E+005, 2.4194E+005
 0.1000E-004, 2.4032E+005, 2.4946E+005, 2.3925E+005
 0.1000E-004, 2.4244E+005, 2.4887E+005, 2.4017E+005
 0.1000E-004, 2.3988E+005, 2.4829E+005, 2.4245E+005
 0.1000E-004, 2.4130E+005, 2.4770E+005, 2.3934E+005
 0.1000E-004, 2.4078E+005, 2.4713E+005, 2.4127E+005
 0.1000E-004, 2.3673E+005, 2.4653E+005, 2.4047E+005
 0.1000E-004, 2.3718E+005, 2.4590E+005, 2.3604E+005
 0.1000E-004, 2.3545E+005, 2.4528E+005, 2.3704E+005
 0.1000E-004, 2.3540E+005, 2.4465E+005, 2.3500E+005
 0.1000E-004, 2.3627E+005, 2.4405E+005, 2.3518E+005
 0.1000E-004, 2.3645E+005, 2.4348E+005, 2.3614E+005
 0.1000E-004, 2.3553E+005, 2.4291E+005, 2.3624E+005
 0.1000E-004, 2.3679E+005, 2.4236E+005, 2.3521E+005
 0.1000E-004, 2.3429E+005, 2.4183E+005, 2.3674E+005
 0.1000E-004, 2.3234E+005, 2.4126E+005, 2.3378E+005
 0.1000E-004, 2.3412E+005, 2.4070E+005, 2.3193E+005
 0.1000E-004, 2.3192E+005, 2.4015E+005, 2.3413E+005
 0.1000E-004, 2.2995E+005, 2.3957E+005, 2.3143E+005
 0.1000E-004, 2.3103E+005, 2.3900E+005, 2.2953E+005
 0.1000E-004, 2.3138E+005, 2.3845E+005, 2.3096E+005
 0.1000E-004, 2.3168E+005, 2.3793E+005, 2.3120E+005
 0.1000E-004, 2.3193E+005, 2.3743E+005, 2.3151E+005
 0.1000E-004, 2.2964E+005, 2.3692E+005, 2.3177E+005
 0.1000E-004, 2.2878E+005, 2.3639E+005, 2.2917E+005
 0.1000E-004, 2.2554E+005, 2.3584E+005, 2.2851E+005
 0.1000E-004, 2.2598E+005, 2.3526E+005, 2.2497E+005
 0.1000E-004, 2.2811E+005, 2.3473E+005, 2.2586E+005
 0.1000E-004, 2.2803E+005, 2.3422E+005, 2.2814E+005
 0.1000E-004, 2.2620E+005, 2.3370E+005, 2.2780E+005
 0.1000E-004, 2.2364E+005, 2.3315E+005, 2.2579E+005
 0.1000E-004, 2.2301E+005, 2.3258E+005, 2.2316E+005
 0.1000E-004, 2.2313E+005, 2.3201E+005, 2.2275E+005
 0.1000E-004, 2.2417E+005, 2.3147E+005, 2.2294E+005
 0.1000E-004, 2.2455E+005, 2.3095E+005, 2.2408E+005
 0.1000E-004, 2.2388E+005, 2.3045E+005, 2.2439E+005
 0.1000E-004, 2.2494E+005, 2.2996E+005, 2.2361E+005
 0.1000E-004, 2.2368E+005, 2.2948E+005, 2.2489E+005
 0.1000E-004, 2.2075E+005, 2.2897E+005, 2.2333E+005
 0.1000E-004, 2.1862E+005, 2.2843E+005, 2.2023E+005
 0.1146     , 2.1466E+005, 2.2780E+005, 1.7235E+005
 0.4610E-001, 2.2445E+005, 2.2735E+005, 2.5226E+005
 0.1000E-004, 2.2277E+005, 2.2691E+005, 2.4439E+005
 0.1000E-004, 2.2087E+005, 2.2643E+005, 2.2015E+005
 0.1000E-004, 2.2142E+005, 2.2597E+005, 2.2074E+005
 0.1000E-004, 2.1716E+005, 2.2549E+005, 2.2130E+005
 0.1000E-004, 2.1902E+005, 2.2500E+005, 2.1648E+005
 0.1000E-004, 2.1850E+005, 2.2453E+005, 2.1911E+005
 0.1000E-004, 2.1825E+005, 2.2406E+005, 2.1823E+005
 0.1000E-004, 2.1822E+005, 2.2359E+005, 2.1805E+005
 0.1000E-004, 2.1714E+005, 2.2312E+005, 2.1803E+005
 0.1000E-004, 2.1859E+005, 2.2266E+005, 2.1683E+005
 0.1000E-004, 2.1632E+005, 2.2220E+005, 2.1860E+005
 0.1000E-004, 2.1614E+005, 2.2172E+005, 2.1586E+005
 0.1000E-004, 2.1206E+005, 2.2122E+005, 2.1597E+005
 0.1000E-004, 2.1118E+005, 2.2069E+005, 2.1141E+005
 0.1000E-004, 2.1037E+005, 2.2017E+005, 2.1093E+005
 0.1000E-004, 2.1220E+005, 2.1967E+005, 2.1009E+005
 0.1000E-004, 2.1382E+005, 2.1921E+005, 2.1223E+005
 0.1000E-004, 2.1059E+005, 2.1877E+005, 2.1381E+005
 0.1000E-004, 2.1093E+005, 2.1830E+005, 2.1003E+005
 0.1000E-004, 2.1060E+005, 2.1786E+005, 2.1084E+005
 0.1000E-004, 2.1088E+005, 2.1743E+005, 2.1038E+005
 0.1000E-004, 2.1233E+005, 2.1703E+005, 2.1075E+005
 0.1000E-004, 2.1195E+005, 2.1665E+005, 2.1234E+005
 0.1000E-004, 2.1087E+005, 2.1627E+005, 2.1174E+005
 0.1000E-004, 2.1016E+005, 2.1588E+005, 2.1061E+005
 0.1000E-004, 2.0882E+005, 2.1549E+005, 2.0995E+005
 0.1000E-004, 2.0656E+005, 2.1509E+005, 2.0852E+005
  1.374     , 1.3795E+005, 2.1392E+005, 4.9210E+004
  2.000     , 8.7209E+000, 2.1134E+005, 1.3051E+005
  2.000     , 1.7325E+002, 2.0747E+005, 6.3513E+000
  1.948     , 1.0676E+005, 2.0436E+005, 1.7546E+002
  1.894     , 1.8541E+005, 2.0331E+005, 1.6958E+005
  1.847     , 1.9645E+005, 2.0290E+005, 1.9797E+005
  1.899     , 1.9462E+005, 2.0253E+005, 1.9121E+005
  1.860     , 1.9730E+005, 2.0221E+005, 1.9974E+005
  1.845     , 1.9742E+005, 2.0190E+005, 1.9722E+005
  1.802     , 1.9790E+005, 2.0162E+005, 2.0132E+005
  1.754     , 1.9747E+005, 2.0134E+005, 2.0027E+005
  1.708     , 1.9669E+005, 2.0106E+005, 2.0012E+005
  1.664     , 1.9489E+005, 2.0077E+005, 1.9894E+005
  1.620     , 1.9614E+005, 2.0048E+005, 1.9690E+005
  1.589     , 1.8718E+005, 2.0016E+005, 1.9870E+005
  1.560     , 1.8545E+005, 1.9971E+005, 1.8420E+005
  1.523     , 1.9112E+005, 1.9934E+005, 1.8942E+005
  1.483     , 1.9509E+005, 1.9906E+005, 1.9590E+005
  1.444     , 1.9672E+005, 1.9883E+005, 1.9874E+005
  1.402     , 1.9632E+005, 1.9863E+005, 2.0016E+005
  1.356     , 1.9656E+005, 1.9841E+005, 1.9944E+005
  1.311     , 1.9678E+005, 1.9821E+005, 2.0019E+005
  1.271     , 1.9548E+005, 1.9800E+005, 1.9971E+005
  1.235     , 1.9353E+005, 1.9777E+005, 1.9774E+005
  1.215     , 1.9496E+005, 1.9752E+005, 1.9389E+005
  1.183     , 1.9381E+005, 1.9731E+005, 1.9928E+005
  1.151     , 1.9272E+005, 1.9706E+005, 1.9529E+005
  1.119     , 1.9530E+005, 1.9684E+005, 1.9551E+005
  1.086     , 1.9549E+005, 1.9665E+005, 1.9942E+005
  1.054     , 1.9407E+005, 1.9645E+005, 1.9788E+005
  1.025     , 1.9191E+005, 1.9623E+005, 1.9641E+005
 0.9971     , 1.9143E+005, 1.9599E+005, 1.9373E+005
 0.9693     , 1.9068E+005, 1.9575E+005, 1.9424E+005
 0.9422     , 1.9301E+005, 1.9552E+005, 1.9299E+005
 0.9137     , 1.9285E+005, 1.9533E+005, 1.9705E+005
  1.013     , 1.8676E+005, 1.9507E+005, 1.7808E+005
  2.000     , 4.9211E+006, 2.7747E+005, 3.6265E+011
  1.976     , 1.4292E+005, 2.7344E+005, 6.4567E+000
  2.000     , 2.3933E+005, 2.7210E+005, 2.2104E+005
  2.000     , 3.1798E+004, 2.6988E+005, 3.2456E+007
  1.982     , 1.3866E+005, 2.6597E+005, 4.4597E+002
  1.957     , 2.3787E+005, 2.6472E+005, 2.1843E+005
  1.932     , 2.5599E+005, 2.6428E+005, 2.5120E+005
  1.904     , 2.6166E+005, 2.6403E+005, 2.6166E+005
  1.929     , 2.5788E+005, 2.6379E+005, 2.5887E+005
  2.000     , 2.4336E+005, 2.6341E+005, 2.4975E+005
  2.000     , 9.8325E+005, 2.7764E+005, 1.6934E+010
  1.973     , 1.4143E+005, 2.7363E+005, 2.7675E+001
  1.950     , 2.4719E+005, 2.7235E+005, 2.2189E+005
  1.926     , 2.6647E+005, 2.7197E+005, 2.6395E+005
  1.903     , 2.6849E+005, 2.7175E+005, 2.7036E+005
  1.881     , 2.6791E+005, 2.7153E+005, 2.6999E+005
  1.859     , 2.6859E+005, 2.7132E+005, 2.6927E+005
  1.838     , 2.6756E+005, 2.7112E+005, 2.7064E+005
  1.844     , 2.6327E+005, 2.7088E+005, 2.6524E+005
  2.000     , 1.8154E+007, 5.7906E+005, 2.7737E+010
  2.000     , 2.9646E+005, 5.7098E+005, 6.4376E+002
  1.986     , 5.1443E+005, 5.6839E+005, 4.6587E+005
  1.996     , 5.4901E+005, 5.6758E+005, 5.3950E+005
  2.000     , 5.2837E+006, 6.5264E+005, 3.2426E+009
  2.000     , 3.7500E+003, 6.4139E+005, 4.4756E+008
  2.000     , 1.1303E+004, 6.3030E+005, 6.4766E+008
  2.000     , 7.4770E+002, 6.1923E+005, 3.2114E+006
  1.981     , 3.1608E+005, 6.1040E+005, 1.8549E+002
  2.000     , 5.4198E+005, 6.0757E+005, 4.8814E+005
  1.978     , 5.8653E+005, 6.0665E+005, 5.7731E+005
  1.953     , 5.9522E+005, 6.0612E+005, 5.9776E+005
  1.930     , 5.9757E+005, 6.0568E+005, 5.9953E+005
  1.912     , 5.9455E+005, 6.0524E+005, 6.0074E+005
  1.917     , 5.8904E+005, 6.0471E+005, 5.9000E+005
  2.000     , 2.3221E+006, 6.3886E+005, 7.8243E+009
  1.982     , 3.2579E+005, 6.2974E+005, 3.2431E+002
  1.963     , 5.6709E+005, 6.2689E+005, 5.1084E+005
  1.944     , 6.0964E+005, 6.2605E+005, 6.0323E+005
  1.923     , 6.1428E+005, 6.2555E+005, 6.1859E+005
  2.000     , 6.0211E+005, 6.2494E+005, 5.9250E+005
  2.000     , 6.0955E+005, 6.2435E+005, 6.0739E+005
  2.000     , 2.5881E+005, 6.2299E+005, 1.0490E+008
  2.000     , 9.5532E+005, 6.2844E+005, 4.2001E+009
  1.981     , 3.2140E+005, 6.1948E+005, 2.4462E+002
  1.993     , 5.5287E+005, 6.1665E+005, 4.9812E+005
  1.970     , 5.9456E+005, 6.1575E+005, 5.8898E+005
  1.947     , 6.0443E+005, 6.1520E+005, 6.0329E+005
  1.924     , 6.0847E+005, 6.1478E+005, 6.1079E+005
  1.901     , 6.0718E+005, 6.1439E+005, 6.1312E+005
  1.877     , 6.0569E+005, 6.1396E+005, 6.1007E+005
  1.853     , 6.0503E+005, 6.1353E+005, 6.0962E+005
  1.864     , 6.0080E+005, 6.1304E+005, 5.9953E+005
  1.839     , 6.0483E+005, 6.1257E+005, 6.0794E+005
  1.815     , 6.0618E+005, 6.1215E+005, 6.0960E+005
  1.789     , 6.0126E+005, 6.1171E+005, 6.1128E+005
  2.000     , 5.5901E+005, 6.1080E+005, 5.4404E+005
  2.000     , 7.3235E+004, 6.0609E+005, 5.2264E+009
  1.976     , 3.1040E+005, 5.9741E+005, 1.4563E+001
  1.952     , 5.3759E+005, 5.9469E+005, 4.8843E+005
  1.926     , 5.7468E+005, 5.9382E+005, 5.7103E+005
  2.000     , 5.5407E+005, 5.9303E+005, 5.5896E+005
  2.000     , 2.8437E+003, 5.8734E+005, 1.3100E+007
  2.000     , 3.3916E+002, 5.7698E+005, 1.6614E+003
  2.000     , 9.9793E+001, 5.6681E+005, 1.6855E+006
  2.000     , 2.0356E+002, 5.5682E+005, 5.3034E+006
  2.000     , 7.4579E+002, 5.4702E+005, 5.9856E+007
  2.000     , 2.7814E+005, 5.3917E+005, 1.1395E+001
  2.000     , 4.7905E+005, 5.3664E+005, 4.3385E+005
  2.000     , 4.8768E+005, 5.3558E+005, 5.0417E+005
  2.000     , 1.4186E+004, 5.3050E+005, 5.4930E+008
  2.000     , 2.6912E+005, 5.2288E+005, 2.3226E+001
  1.976     , 4.7135E+005, 5.2046E+005, 4.2359E+005
  2.000     , 4.9999E+005, 5.1968E+005, 4.9309E+005
  2.000     , 6.3757E+005, 5.2571E+005, 9.3667E+009
  1.977     , 2.6990E+005, 5.1818E+005, 6.1348E+001
  1.953     , 4.6869E+005, 5.1584E+005, 4.2517E+005
  1.928     , 5.0360E+005, 5.1514E+005, 4.9803E+005
  1.928     , 5.0726E+005, 5.1471E+005, 5.0666E+005
  2.000     , 4.7923E+005, 5.1410E+005, 4.9241E+005
  2.000     , 8.0240E+004, 5.1046E+005, 1.0027E+010
  2.000     , 2.5657E+005, 5.0311E+005, 6.9356E+000
  1.975     , 4.4837E+005, 5.0071E+005, 4.0217E+005
  1.978     , 4.8304E+005, 4.9992E+005, 4.7350E+005
  2.000     , 1.5748E+006, 5.2200E+005, 2.5643E+008
  1.977     , 2.7112E+005, 5.1476E+005, 5.4789E+003
  1.960     , 4.6436E+005, 5.1245E+005, 4.2320E+005
  1.934     , 4.9652E+005, 5.1172E+005, 4.9244E+005
  1.904     , 5.0334E+005, 5.1126E+005, 5.0516E+005
  1.876     , 5.0397E+005, 5.1087E+005, 5.0843E+005
  1.843     , 5.0252E+005, 5.1047E+005, 5.0867E+005
  1.809     , 5.0228E+005, 5.1006E+005, 5.0656E+005
  1.774     , 5.0571E+005, 5.0968E+005, 5.0780E+005
  1.739     , 5.0526E+005, 5.0935E+005, 5.1267E+005
  1.706     , 5.0347E+005, 5.0898E+005, 5.0902E+005
  1.676     , 4.9984E+005, 5.0858E+005, 5.0772E+005
  1.654     , 4.9708E+005, 5.0812E+005, 5.0082E+005
  1.626     , 4.9771E+005, 5.0765E+005, 5.0173E+005
  1.889     , 4.6534E+005, 5.0686E+005, 4.3944E+005
  2.000     , 4.9716E+004, 5.0278E+005, 1.9125E+009
  1.969     , 2.5857E+005, 4.9556E+005, 2.2467E+001
  2.000     , 4.2182E+005, 4.9313E+005, 3.9801E+005
  2.000     , 1.8446E+003, 4.8808E+005, 1.2434E+007
  2.000     , 2.9933E+003, 4.7948E+005, 1.1520E+002
  1.965     , 2.4692E+005, 4.7262E+005, 3.0203E+003
  2.000     , 4.0113E+005, 4.7028E+005, 3.7678E+005
  2.000     , 5.4029E+003, 4.6552E+005, 7.6136E+007
  2.000     , 5.5085E+004, 4.5823E+005, 1.2645E+009
  1.975     , 2.3534E+005, 4.5164E+005, 3.4228E+001
  1.942     , 4.0882E+005, 4.4959E+005, 3.7215E+005
  1.904     , 4.3773E+005, 4.4896E+005, 4.3605E+005
  1.931     , 4.3283E+005, 4.4848E+005, 4.3355E+005
  1.904     , 4.3697E+005, 4.4799E+005, 4.3737E+005
  1.961     , 4.3407E+005, 4.4751E+005, 4.2618E+005
  1.932     , 4.4231E+005, 4.4712E+005, 4.4380E+005
  2.000     , 4.1925E+005, 4.4661E+005, 4.2901E+005
  2.000     , 2.7902E+003, 4.4232E+005, 1.1042E+007
  1.965     , 2.2706E+005, 4.3597E+005, 1.8017E+002
  1.925     , 3.9481E+005, 4.3400E+005, 3.5939E+005
  1.883     , 4.2399E+005, 4.3341E+005, 4.2168E+005
  1.839     , 4.2690E+005, 4.3306E+005, 4.3345E+005
  1.795     , 4.2217E+005, 4.3267E+005, 4.3159E+005
  1.746     , 4.2455E+005, 4.3226E+005, 4.2649E+005
  1.703     , 4.2676E+005, 4.3191E+005, 4.3204E+005
  1.661     , 4.2650E+005, 4.3158E+005, 4.3232E+005
  1.621     , 4.2440E+005, 4.3123E+005, 4.3175E+005
  1.577     , 4.2298E+005, 4.3086E+005, 4.2978E+005
  1.539     , 4.2190E+005, 4.3046E+005, 4.2763E+005
  2.000     , 1.2844E+007, 6.4578E+005, 4.7019E+009
  1.967     , 3.3332E+005, 6.3713E+005, 3.0388E+003
  1.923     , 5.7982E+005, 6.3426E+005, 5.2701E+005
  1.879     , 6.1706E+005, 6.3340E+005, 6.2065E+005
  1.853     , 6.1506E+005, 6.3273E+005, 6.2193E+005
  1.855     , 6.0443E+005, 6.3197E+005, 6.1067E+005
  1.907     , 6.0117E+005, 6.3106E+005, 5.8751E+005
  1.878     , 6.1874E+005, 6.3035E+005, 6.1606E+005
  1.917     , 6.0897E+005, 6.2971E+005, 6.0990E+005
  1.889     , 6.1468E+005, 6.2904E+005, 6.1568E+005
  2.000     , 5.5007E+005, 6.2794E+005, 5.8587E+005
  2.000     , 2.3881E+003, 6.2149E+005, 1.1514E+008
  1.965     , 3.1840E+005, 6.1255E+005, 2.2005E+001
  1.916     , 5.5645E+005, 6.0976E+005, 5.0525E+005
  1.868     , 5.9635E+005, 6.0894E+005, 5.9696E+005
  1.824     , 5.9762E+005, 6.0839E+005, 6.0758E+005
  1.787     , 5.9332E+005, 6.0780E+005, 6.0188E+005
  2.000     , 5.4317E+005, 6.0672E+005, 5.3713E+005
  2.000     , 1.6755E+003, 6.0062E+005, 6.3730E+006
  2.000     , 8.4714E+002, 5.8997E+005, 2.3085E+002
  1.973     , 3.0392E+005, 5.8147E+005, 8.4955E+002
  1.927     , 5.3040E+005, 5.7884E+005, 4.8288E+005
  1.884     , 5.6464E+005, 5.7805E+005, 5.6704E+005
  1.837     , 5.7096E+005, 5.7752E+005, 5.7504E+005
  1.783     , 5.7637E+005, 5.7709E+005, 5.8245E+005
  1.749     , 5.7016E+005, 5.7668E+005, 5.8192E+005
  2.000     , 5.1758E+005, 5.7570E+005, 5.0558E+005
  2.000     , 5.3553E+005, 5.7450E+005, 5.2383E+005
  1.961     , 5.5672E+005, 5.7367E+005, 5.5061E+005
  1.911     , 5.6606E+005, 5.7313E+005, 5.7193E+005
  1.856     , 5.6792E+005, 5.7268E+005, 5.7626E+005
  1.794     , 5.6531E+005, 5.7222E+005, 5.7903E+005
  1.738     , 5.6268E+005, 5.7170E+005, 5.7229E+005
  1.839     , 5.4147E+005, 5.7095E+005, 5.3258E+005
  1.810     , 5.5140E+005, 5.7019E+005, 5.5329E+005
  1.768     , 5.5625E+005, 5.6955E+005, 5.6062E+005
  1.720     , 5.5483E+005, 5.6895E+005, 5.6617E+005
  1.665     , 5.5407E+005, 5.6833E+005, 5.6326E+005
  1.612     , 5.4772E+005, 5.6767E+005, 5.6336E+005
  1.543     , 5.5581E+005, 5.6699E+005, 5.5863E+005
  1.488     , 5.5696E+005, 5.6644E+005, 5.7012E+005
  1.438     , 5.5303E+005, 5.6585E+005, 5.6513E+005
  1.390     , 5.4976E+005, 5.6520E+005, 5.6154E+005
  1.330     , 5.5761E+005, 5.6460E+005, 5.6265E+005
  1.273     , 5.5674E+005, 5.6409E+005, 5.7375E+005
  1.240     , 5.4989E+005, 5.6349E+005, 5.5964E+005
  1.497     , 5.1395E+005, 5.6246E+005, 4.7294E+005
  2.000     , 1.9537E+004, 5.5722E+005, 4.9388E+007
  1.938     , 2.8663E+005, 5.4915E+005, 3.7674E+002
  1.871     , 4.9928E+005, 5.4659E+005, 4.5690E+005
  1.806     , 5.3686E+005, 5.4579E+005, 5.3754E+005
  1.740     , 5.4515E+005, 5.4531E+005, 5.5262E+005
  1.681     , 5.4106E+005, 5.4488E+005, 5.5609E+005
  1.644     , 5.3338E+005, 5.4432E+005, 5.4269E+005
  1.599     , 5.3634E+005, 5.4373E+005, 5.4021E+005
  1.573     , 5.3475E+005, 5.4318E+005, 5.4111E+005
  1.519     , 5.3475E+005, 5.4262E+005, 5.4615E+005
  1.469     , 5.2884E+005, 5.4202E+005, 5.4296E+005
  1.424     , 5.2894E+005, 5.4135E+005, 5.3436E+005
  1.370     , 5.2911E+005, 5.4073E+005, 5.4211E+005
  1.341     , 5.2754E+005, 5.4008E+005, 5.3158E+005
  1.487     , 5.0799E+005, 5.3923E+005, 4.8537E+005
  2.000     , 1.8238E+006, 5.6519E+005, 1.3296E+010
  2.000     , 9.5355E+004, 5.5672E+005, 2.4989E+008
  1.948     , 2.8748E+005, 5.4862E+005, 3.6717E+002
  1.877     , 4.9656E+005, 5.4605E+005, 4.6072E+005
  1.799     , 5.3498E+005, 5.4517E+005, 5.3386E+005
  1.739     , 5.3732E+005, 5.4460E+005, 5.5012E+005
  1.681     , 5.3588E+005, 5.4401E+005, 5.4508E+005
  1.617     , 5.3750E+005, 5.4344E+005, 5.4761E+005
  1.565     , 5.3644E+005, 5.4288E+005, 5.4589E+005
  1.502     , 5.3704E+005, 5.4232E+005, 5.4904E+005
  1.429     , 5.3958E+005, 5.4178E+005, 5.5187E+005
  1.356     , 5.3662E+005, 5.4125E+005, 5.5535E+005
  1.285     , 5.3545E+005, 5.4067E+005, 5.4967E+005
  1.214     , 5.3351E+005, 5.4007E+005, 5.5167E+005
  1.164     , 5.2790E+005, 5.3940E+005, 5.4163E+005
  1.100     , 5.2804E+005, 5.3870E+005, 5.4399E+005
  1.028     , 5.0809E+005, 5.3787E+005, 5.4690E+005
 0.9471     , 5.1434E+005, 5.3685E+005, 5.2203E+005
 0.8563     , 5.2753E+005, 5.3608E+005, 5.4726E+005
 0.7710     , 5.3028E+005, 5.3545E+005, 5.5722E+005
 0.6958     , 5.2737E+005, 5.3481E+005, 5.5580E+005
 0.6260     , 5.2212E+005, 5.3410E+005, 5.5244E+005
 0.5478     , 5.2755E+005, 5.3340E+005, 5.5394E+005
 0.4762     , 5.2500E+005, 5.3275E+005, 5.6105E+005
 0.4093     , 5.2221E+005, 5.3205E+005, 5.5672E+005
 0.3362     , 5.2611E+005, 5.3137E+005, 5.6280E+005
 0.2540     , 5.2335E+005, 5.3072E+005, 5.8022E+005
 0.1675     , 5.2919E+005, 5.3007E+005, 5.8648E+005
 0.8347E-001, 5.2767E+005, 5.2947E+005, 6.0451E+005
 0.1809E-001, 5.2225E+005, 5.2878E+005, 5.9211E+005
 0.1000E-004, 5.1930E+005, 5.2799E+005, 5.3529E+005
 0.1000E-004, 5.1094E+005, 5.2714E+005, 5.1715E+005
 0.1000E-004, 5.1009E+005, 5.2621E+005, 5.0985E+005
 0.1000E-004, 5.1231E+005, 5.2529E+005, 5.0971E+005
 0.1000E-004, 5.0781E+005, 5.2436E+005, 5.1222E+005
 0.1000E-004, 5.0935E+005, 5.2340E+005, 5.0690E+005
 0.1000E-004, 5.0699E+005, 5.2245E+005, 5.0922E+005
 0.1000E-004, 5.0593E+005, 5.2148E+005, 5.0633E+005
 0.1000E-004, 4.9896E+005, 5.2046E+005, 5.0547E+005
 0.1000E-004, 4.9841E+005, 5.1938E+005, 4.9779E+005
 0.1000E-004, 5.0451E+005, 5.1836E+005, 4.9802E+005
 0.1000E-004, 5.0262E+005, 5.1740E+005, 5.0482E+005
 0.1000E-004, 5.0216E+005, 5.1643E+005, 5.0195E+005
 0.1000E-004, 5.0244E+005, 5.1546E+005, 5.0177E+005
 0.1000E-004, 5.0255E+005, 5.1450E+005, 5.0210E+005
 0.1000E-004, 5.0190E+005, 5.1354E+005, 5.0219E+005
 0.1000E-004, 5.0225E+005, 5.1258E+005, 5.0145E+005
 0.1000E-004, 4.9723E+005, 5.1158E+005, 5.0192E+005
 0.1000E-004, 4.9555E+005, 5.1052E+005, 4.9626E+005
 0.1000E-004, 4.9888E+005, 5.0949E+005, 4.9502E+005
 0.1000E-004, 4.9504E+005, 5.0847E+005, 4.9889E+005
 0.1000E-004, 4.9324E+005, 5.0740E+005, 4.9415E+005
 0.1000E-004, 4.9192E+005, 5.0629E+005, 4.9266E+005
 0.1000E-004, 4.9022E+005, 5.0516E+005, 4.9136E+005
 0.1000E-004, 4.9109E+005, 5.0401E+005, 4.8960E+005
 0.1000E-004, 4.8722E+005, 5.0285E+005, 4.9077E+005
 0.1000E-004, 4.8513E+005, 5.0164E+005, 4.8631E+005
 0.1000E-004, 4.8674E+005, 5.0045E+005, 4.8447E+005
 0.1000E-004, 4.8717E+005, 4.9930E+005, 4.8649E+005
 0.1000E-004, 4.8644E+005, 4.9816E+005, 4.8676E+005
 0.1000E-004, 4.8353E+005, 4.9699E+005, 4.8591E+005
 0.1000E-004, 4.8016E+005, 4.9579E+005, 4.8275E+005
 0.1000E-004, 4.7770E+005, 4.9457E+005, 4.7935E+005
 0.1000E-004, 4.7911E+005, 4.9337E+005, 4.7699E+005
 0.1000E-004, 4.8029E+005, 4.9223E+005, 4.7885E+005
 0.1000E-004, 4.7589E+005, 4.9109E+005, 4.7996E+005
 0.1000E-004, 4.7408E+005, 4.8991E+005, 4.7494E+005
 0.1000E-004, 4.7679E+005, 4.8876E+005, 4.7348E+005
 0.1000E-004, 4.7201E+005, 4.8762E+005, 4.7668E+005
 0.1000E-004, 4.7458E+005, 4.8647E+005, 4.7099E+005
 0.1000E-004, 4.6964E+005, 4.8533E+005, 4.7450E+005
 0.1000E-004, 4.7001E+005, 4.8417E+005, 4.6859E+005
 0.1000E-004, 4.7027E+005, 4.8305E+005, 4.6967E+005
 0.1000E-004, 4.6646E+005, 4.8192E+005, 4.6986E+005
 0.1000E-004, 4.6300E+005, 4.8075E+005, 4.6559E+005
 0.1000E-004, 4.6416E+005, 4.7959E+005, 4.6221E+005
 0.1000E-004, 4.6346E+005, 4.7847E+005, 4.6389E+005
 0.1000E-004, 4.6089E+005, 4.7735E+005, 4.6294E+005
 0.1000E-004, 4.6454E+005, 4.7627E+005, 4.6018E+005
 0.1000E-004, 4.6306E+005, 4.7524E+005, 4.6459E+005
 0.1000E-004, 4.6097E+005, 4.7421E+005, 4.6244E+005
 0.1000E-004, 4.6195E+005, 4.7321E+005, 4.6036E+005
 0.1000E-004, 4.5910E+005, 4.7223E+005, 4.6171E+005
 0.1000E-004, 4.5572E+005, 4.7121E+005, 4.5838E+005
 0.1000E-004, 4.5682E+005, 4.7021E+005, 4.5499E+005
 0.1000E-004, 4.5856E+005, 4.6926E+005, 4.5660E+005
 0.1000E-004, 4.5260E+005, 4.6829E+005, 4.5838E+005
 0.1000E-004, 4.4943E+005, 4.6726E+005, 4.5152E+005
 0.1000E-004, 4.5328E+005, 4.6626E+005, 4.4875E+005
 0.1000E-004, 4.4744E+005, 4.6528E+005, 4.5338E+005
 0.1000E-004, 4.5194E+005, 4.6429E+005, 4.4634E+005
 0.1000E-004, 4.5603E+005, 4.6339E+005, 4.5217E+005
 0.1000E-004, 4.4634E+005, 4.6246E+005, 4.5609E+005
 0.1000E-004, 4.4598E+005, 4.6144E+005, 4.4482E+005
 0.1000E-004, 4.4236E+005, 4.6042E+005, 4.4568E+005
 0.1000E-004, 4.4567E+005, 4.5942E+005, 4.4156E+005
 0.1000E-004, 4.4473E+005, 4.5848E+005, 4.4573E+005
 0.1000E-004, 4.4204E+005, 4.5753E+005, 4.4422E+005
 0.1000E-004, 4.4365E+005, 4.5659E+005, 4.4138E+005
 0.1000E-004, 4.4722E+005, 4.5570E+005, 4.4351E+005
 0.1000E-004, 4.4136E+005, 4.5481E+005, 4.4727E+005
 0.1000E-004, 4.4270E+005, 4.5389E+005, 4.4030E+005
 0.1000E-004, 4.3763E+005, 4.5296E+005, 4.4258E+005
 0.1000E-004, 4.3736E+005, 4.5199E+005, 4.3667E+005
 0.1000E-004, 4.3160E+005, 4.5099E+005, 4.3703E+005
 0.1000E-004, 4.3188E+005, 4.4997E+005, 4.3056E+005
 0.1000E-004, 4.3814E+005, 4.4902E+005, 4.3159E+005
 0.1000E-004, 4.3628E+005, 4.4815E+005, 4.3850E+005
 0.1000E-004, 4.3873E+005, 4.4729E+005, 4.3565E+005
 0.1000E-004, 4.3541E+005, 4.4645E+005, 4.3872E+005
 0.1000E-004, 4.3362E+005, 4.4557E+005, 4.3466E+005
 0.1000E-004, 4.3574E+005, 4.4472E+005, 4.3313E+005
 0.1000E-004, 4.3211E+005, 4.4388E+005, 4.3568E+005
 0.1000E-004, 4.3105E+005, 4.4301E+005, 4.3134E+005
 0.1000E-004, 4.2779E+005, 4.4212E+005, 4.3064E+005
 0.1000E-004, 4.2640E+005, 4.4122E+005, 4.2708E+005
 0.1000E-004, 4.2660E+005, 4.4032E+005, 4.2593E+005
 0.1000E-004, 4.2639E+005, 4.3945E+005, 4.2630E+005
 0.1000E-004, 4.2502E+005, 4.3859E+005, 4.2603E+005
 0.1000E-004, 4.2346E+005, 4.3772E+005, 4.2453E+005
 0.1000E-004, 4.2883E+005, 4.3691E+005, 4.2297E+005
 0.1000E-004, 4.2672E+005, 4.3616E+005, 4.2917E+005
 0.1000E-004, 4.2750E+005, 4.3542E+005, 4.2612E+005
 0.1000E-004, 4.2057E+005, 4.3464E+005, 4.2734E+005
 0.1000E-004, 4.2275E+005, 4.3382E+005, 4.1946E+005
 0.1000E-004, 4.2373E+005, 4.3303E+005, 4.2278E+005
 0.1000E-004, 4.2207E+005, 4.3223E+005, 4.2350E+005
 0.1000E-004, 4.2127E+005, 4.3142E+005, 4.2156E+005
 0.1000E-004, 4.2129E+005, 4.3062E+005, 4.2088E+005
 0.1000E-004, 4.1969E+005, 4.2983E+005, 4.2099E+005
 0.1000E-004, 4.1504E+005, 4.2901E+005, 4.1920E+005
 0.1000E-004, 4.1504E+005, 4.2817E+005, 4.1421E+005
 0.1000E-004, 4.1619E+005, 4.2737E+005, 4.1478E+005
 0.1000E-004, 4.1515E+005, 4.2659E+005, 4.1601E+005
 0.1000E-004, 4.1288E+005, 4.2581E+005, 4.1472E+005
 0.1000E-004, 4.1966E+005, 4.2508E+005, 4.1234E+005
 0.1000E-004, 4.1152E+005, 4.2437E+005, 4.2021E+005
 0.1000E-004, 4.1287E+005, 4.2359E+005, 4.1021E+005
 0.1000E-004, 4.0460E+005, 4.2278E+005, 4.1285E+005
 0.1000E-004, 4.0647E+005, 4.2191E+005, 4.0331E+005
 0.1000E-004, 4.1072E+005, 4.2112E+005, 4.0647E+005
 0.1000E-004, 4.1818E+005, 4.2043E+005, 4.1087E+005
 0.1000E-004, 4.1061E+005, 4.1977E+005, 4.1875E+005
 0.1000E-004, 4.0629E+005, 4.1900E+005, 4.0938E+005
 0.3089E-001, 4.1067E+005, 4.1823E+005, 3.7847E+005
 0.1000E-004, 4.1146E+005, 4.1761E+005, 4.4406E+005
 0.1000E-004, 4.0946E+005, 4.1692E+005, 4.0749E+005
 0.1000E-004, 4.0602E+005, 4.1622E+005, 4.0939E+005
 0.1000E-004, 4.0167E+005, 4.1547E+005, 4.0533E+005
 0.1000E-004, 4.0358E+005, 4.1472E+005, 4.0093E+005
 0.4000     , 3.5959E+005, 4.1344E+005, 2.0929E+005
  2.000     , 3.6415E+005, 4.1535E+005, 3.9629E+010
  2.000     , 4.0412E+001, 4.0774E+005, 3.7761E+005
  1.968     , 2.0764E+005, 4.0163E+005, 2.6337E+001
  1.933     , 3.6140E+005, 3.9954E+005, 3.2698E+005
  1.899     , 3.8739E+005, 3.9874E+005, 3.8592E+005
  1.877     , 3.8865E+005, 3.9815E+005, 3.9167E+005
  1.891     , 3.8435E+005, 3.9755E+005, 3.8464E+005
  1.859     , 3.9015E+005, 3.9698E+005, 3.8942E+005
  1.822     , 3.9042E+005, 3.9651E+005, 3.9682E+005
  1.780     , 3.8958E+005, 3.9602E+005, 3.9425E+005
  1.737     , 3.9058E+005, 3.9554E+005, 3.9454E+005
  1.693     , 3.9071E+005, 3.9509E+005, 3.9656E+005
  1.651     , 3.8846E+005, 3.9463E+005, 3.9530E+005
  1.613     , 3.8580E+005, 3.9413E+005, 3.9188E+005
  2.000     , 3.5115E+005, 3.9326E+005, 3.2175E+005
  2.000     , 8.3171E+002, 3.8924E+005, 1.4616E+006
  1.976     , 1.9953E+005, 3.8352E+005, 2.6083E+002
  1.952     , 3.4649E+005, 3.8166E+005, 3.1391E+005
  1.923     , 3.6841E+005, 3.8100E+005, 3.6901E+005
  1.895     , 3.7082E+005, 3.8050E+005, 3.7243E+005
  1.864     , 3.6747E+005, 3.8003E+005, 3.7478E+005
  1.826     , 3.6194E+005, 3.7948E+005, 3.6960E+005
  1.789     , 3.6086E+005, 3.7888E+005, 3.6370E+005
  1.756     , 3.6469E+005, 3.7832E+005, 3.6470E+005
  1.727     , 3.7116E+005, 3.7786E+005, 3.6935E+005
  1.700     , 3.7104E+005, 3.7749E+005, 3.7684E+005
  2.000     , 3.3247E+005, 3.7675E+005, 3.2249E+005
  2.000     , 2.1320E+004, 3.7326E+005, 3.0114E+009
  2.000     , 9.5040E+002, 3.6663E+005, 9.7406E+007
  2.000     , 9.9783E+004, 3.6181E+005, 6.7044E+008
  2.000     , 1.8156E+005, 3.5656E+005, 9.1349E+001
  1.984     , 3.1470E+005, 3.5479E+005, 2.8325E+005
  1.967     , 3.4231E+005, 3.5416E+005, 3.3448E+005
  1.948     , 3.4772E+005, 3.5380E+005, 3.4941E+005
  2.000     , 3.3373E+005, 3.5337E+005, 3.3929E+005
  2.000     , 2.8458E+003, 3.4999E+005, 2.1081E+006
  1.981     , 1.7950E+005, 3.4496E+005, 6.2964E+002
  1.961     , 3.1058E+005, 3.4337E+005, 2.8189E+005
  1.943     , 3.3384E+005, 3.4286E+005, 3.2900E+005
  2.000     , 3.3033E+005, 3.4249E+005, 3.2857E+005
  2.000     , 2.4856E+005, 3.4352E+005, 2.0605E+009
  2.000     , 1.7286E+005, 3.3857E+005, 7.0342E+001
  2.000     , 1.1950E+005, 3.3648E+005, 3.4538E+009
  2.000     , 6.6641E+002, 3.3056E+005, 2.6490E+007
  1.977     , 1.6993E+005, 3.2582E+005, 1.3955E+001
  2.000     , 2.8947E+005, 3.2432E+005, 2.6278E+005
  2.000     , 3.1115E+005, 3.2378E+005, 3.0428E+005
  1.980     , 3.1651E+005, 3.2346E+005, 3.1755E+005
  1.958     , 3.1777E+005, 3.2319E+005, 3.1885E+005
  1.932     , 3.1924E+005, 3.2294E+005, 3.2061E+005
  1.907     , 3.2046E+005, 3.2272E+005, 3.2173E+005
  2.000     , 3.0517E+005, 3.2238E+005, 3.0753E+005
  2.000     , 1.0186E+005, 3.2104E+005, 1.2465E+009
  1.981     , 1.6502E+005, 3.1644E+005, 4.4871E+001
  2.000     , 2.6762E+005, 3.1490E+005, 2.5577E+005
  2.000     , 1.5339E+003, 3.1168E+005, 5.6903E+007
  2.000     , 1.1095E+003, 3.0621E+005, 5.6801E+007
  2.000     , 1.7228E+001, 3.0081E+005, 1.0063E+001
  1.981     , 1.5308E+005, 2.9650E+005, 1.7208E+001
  2.000     , 2.5594E+005, 2.9506E+005, 2.3620E+005
  1.982     , 2.7930E+005, 2.9446E+005, 2.6859E+005
  1.962     , 2.8635E+005, 2.9414E+005, 2.8766E+005
  2.000     , 2.5980E+005, 2.9367E+005, 2.8103E+005
  2.000     , 1.2179E+003, 2.9069E+005, 2.7715E+007
  2.000     , 2.7415E+005, 2.9025E+005, 8.8267E+008
  2.000     , 1.4279E+005, 2.8606E+005, 1.5299E+002
  2.000     , 2.2904E+004, 2.8292E+005, 5.3425E+008
  1.985     , 1.4462E+005, 2.7886E+005, 2.0708E+001
  1.969     , 2.5162E+005, 2.7758E+005, 2.2699E+005
  2.000     , 1.1049E+006, 2.9378E+005, 8.4813E+008
  2.000     , 2.2352E+003, 2.8866E+005, 2.5185E+006
  2.000     , 4.9657E+002, 2.8358E+005, 3.6368E+002
  1.983     , 1.4571E+005, 2.7952E+005, 4.9578E+002
  1.966     , 2.5227E+005, 2.7826E+005, 2.2884E+005
  1.949     , 2.7063E+005, 2.7788E+005, 2.6719E+005
  1.933     , 2.7453E+005, 2.7766E+005, 2.7436E+005
  1.917     , 2.7481E+005, 2.7748E+005, 2.7640E+005
  1.903     , 2.7247E+005, 2.7728E+005, 2.7558E+005
  1.888     , 2.7172E+005, 2.7706E+005, 2.7248E+005
  1.874     , 2.7138E+005, 2.7685E+005, 2.7283E+005
  1.858     , 2.7182E+005, 2.7663E+005, 2.7243E+005
  1.922     , 2.6793E+005, 2.7639E+005, 2.6402E+005
  1.898     , 2.6973E+005, 2.7615E+005, 2.7287E+005
  1.870     , 2.7000E+005, 2.7592E+005, 2.7118E+005
  1.844     , 2.7093E+005, 2.7571E+005, 2.7239E+005
  1.815     , 2.6995E+005, 2.7550E+005, 2.7357E+005
  1.791     , 2.6901E+005, 2.7527E+005, 2.7093E+005
  1.767     , 2.6647E+005, 2.7502E+005, 2.7084E+005
  1.742     , 2.6828E+005, 2.7476E+005, 2.6708E+005
  1.718     , 2.7142E+005, 2.7456E+005, 2.7195E+005
  1.691     , 2.6932E+005, 2.7437E+005, 2.7456E+005
  1.666     , 2.6930E+005, 2.7415E+005, 2.6965E+005
  1.641     , 2.6973E+005, 2.7396E+005, 2.7229E+005
  1.616     , 2.6905E+005, 2.7376E+005, 2.7163E+005
  1.590     , 2.6996E+005, 2.7356E+005, 2.7118E+005
  1.564     , 2.7083E+005, 2.7339E+005, 2.7287E+005
  1.540     , 2.7076E+005, 2.7322E+005, 2.7304E+005
  1.591     , 2.6497E+005, 2.7300E+005, 2.6267E+005
  2.000     , 1.6129E+007, 5.4671E+005, 5.4901E+011
  2.000     , 3.5781E+003, 5.3713E+005, 5.0479E+004
  2.000     , 2.9899E+005, 5.3279E+005, 9.1071E+007
  1.977     , 2.7388E+005, 5.2524E+005, 2.9694E+003
  1.954     , 4.7277E+005, 5.2288E+005, 4.2888E+005
  1.926     , 5.0455E+005, 5.2215E+005, 5.0314E+005
  1.893     , 5.0208E+005, 5.2160E+005, 5.1222E+005
  1.862     , 5.0031E+005, 5.2099E+005, 5.0317E+005
  1.832     , 5.0617E+005, 5.2043E+005, 5.0530E+005
  1.810     , 4.9197E+005, 5.1985E+005, 5.1142E+005
  1.787     , 4.9576E+005, 5.1909E+005, 4.8688E+005
  1.761     , 5.0703E+005, 5.1854E+005, 5.0616E+005
  1.733     , 5.1229E+005, 5.1813E+005, 5.1406E+005
  1.703     , 5.1061E+005, 5.1777E+005, 5.1841E+005
  1.674     , 5.0867E+005, 5.1736E+005, 5.1335E+005
  1.683     , 4.9924E+005, 5.1687E+005, 5.0408E+005
  1.708     , 4.8108E+005, 5.1616E+005, 4.9083E+005
  2.000     , 2.5364E+007, 9.4525E+005, 3.6182E+010
  2.000     , 4.4203E+005, 9.3182E+005, 1.1255E+003
  2.000     , 4.2830E+004, 9.2079E+005, 1.0551E+009
  2.000     , 3.5054E+003, 9.0463E+005, 2.7281E+008
  1.977     , 4.6595E+005, 8.9171E+005, 1.9814E+001
  1.959     , 8.0623E+005, 8.8775E+005, 7.3338E+005
  1.933     , 8.6460E+005, 8.8656E+005, 8.5590E+005
  1.908     , 8.7274E+005, 8.8587E+005, 8.7881E+005
  2.000     , 8.1912E+005, 8.8478E+005, 8.3630E+005
  2.000     , 8.4655E+004, 8.7762E+005, 5.9333E+009
  2.000     , 3.1760E+002, 8.6218E+005, 2.1258E+001
  1.977     , 4.4252E+005, 8.4989E+005, 3.1782E+002
  1.949     , 7.6529E+005, 8.4609E+005, 6.9826E+005
  1.920     , 8.1780E+005, 8.4491E+005, 8.1223E+005
  1.955     , 8.0817E+005, 8.4399E+005, 8.0863E+005
  1.931     , 8.2068E+005, 8.4309E+005, 8.1591E+005
  1.896     , 8.3340E+005, 8.4244E+005, 8.3532E+005
  1.860     , 8.3876E+005, 8.4195E+005, 8.4539E+005
  2.000     , 7.8560E+005, 8.4103E+005, 7.8693E+005
  2.000     , 8.3345E+004, 8.3436E+005, 1.4361E+009
  1.973     , 4.3033E+005, 8.2246E+005, 8.3061E+001
  1.938     , 7.5022E+005, 8.1887E+005, 6.8222E+005
  1.966     , 7.8848E+005, 8.1776E+005, 7.7886E+005
  1.932     , 8.0360E+005, 8.1702E+005, 8.0488E+005
  1.900     , 8.0871E+005, 8.1644E+005, 8.1392E+005
  2.000     , 7.7598E+005, 8.1561E+005, 7.7246E+005
  2.000     , 1.1723E+006, 8.2795E+005, 1.2128E+011
  2.000     , 3.8769E+005, 8.1591E+005, 1.3590E+001
  2.000     , 5.8185E+003, 8.0571E+005, 2.3807E+008
  1.968     , 4.1318E+005, 7.9418E+005, 3.3694E+001
  2.000     , 6.5603E+005, 7.9017E+005, 6.3449E+005
  2.000     , 3.9848E+004, 7.8257E+005, 3.3511E+009
  2.000     , 3.4230E+004, 7.6935E+005, 4.6804E+008
  2.000     , 5.2798E+003, 7.5587E+005, 5.9689E+007
  1.971     , 3.8625E+005, 7.4504E+005, 1.1245E+002
  2.000     , 6.2414E+005, 7.4131E+005, 5.9346E+005
  2.000     , 7.5463E+004, 7.3491E+005, 2.1256E+009
  2.000     , 1.3887E+002, 7.2194E+005, 2.0625E+005
  2.000     , 1.5837E+004, 7.0946E+005, 1.4580E+007
  2.000     , 9.2836E+003, 6.9710E+005, 1.8192E+007
  1.967     , 3.5733E+005, 6.8711E+005, 5.7467E+002
  1.930     , 6.1893E+005, 6.8397E+005, 5.6430E+005
  1.883     , 6.5568E+005, 6.8292E+005, 6.6205E+005
  1.828     , 6.6544E+005, 6.8214E+005, 6.6790E+005
  1.773     , 6.7581E+005, 6.8155E+005, 6.8047E+005
  1.722     , 6.7334E+005, 6.8105E+005, 6.8900E+005
  1.684     , 6.6443E+005, 6.8043E+005, 6.7707E+005
  1.636     , 6.7291E+005, 6.7980E+005, 6.7294E+005
  1.589     , 6.7665E+005, 6.7933E+005, 6.8839E+005
  1.546     , 6.6968E+005, 6.7882E+005, 6.8527E+005
  1.551     , 6.5690E+005, 6.7812E+005, 6.5995E+005
  1.519     , 6.6182E+005, 6.7739E+005, 6.6595E+005
  1.484     , 6.6903E+005, 6.7678E+005, 6.7199E+005
  1.446     , 6.6848E+005, 6.7626E+005, 6.8081E+005
  1.403     , 6.6789E+005, 6.7572E+005, 6.7780E+005
  1.363     , 6.6446E+005, 6.7517E+005, 6.7792E+005
  1.360     , 6.5447E+005, 6.7448E+005, 6.5916E+005
  1.327     , 6.6380E+005, 6.7382E+005, 6.6417E+005
  1.300     , 6.7000E+005, 6.7332E+005, 6.7390E+005
  1.253     , 6.6813E+005, 6.7288E+005, 6.8672E+005
  1.204     , 6.6292E+005, 6.7235E+005, 6.7946E+005
  1.213     , 6.5271E+005, 6.7167E+005, 6.5228E+005
  1.171     , 6.6431E+005, 6.7104E+005, 6.6964E+005
  1.148     , 6.5602E+005, 6.7046E+005, 6.7166E+005
  1.186     , 6.4879E+005, 6.6967E+005, 6.3392E+005
  1.146     , 6.6015E+005, 6.6903E+005, 6.7153E+005
  1.126     , 6.5595E+005, 6.6841E+005, 6.6342E+005
  1.119     , 6.4799E+005, 6.6769E+005, 6.5553E+005
  1.120     , 6.4374E+005, 6.6687E+005, 6.4457E+005
  1.077     , 6.5164E+005, 6.6611E+005, 6.6143E+005
  1.029     , 6.5587E+005, 6.6546E+005, 6.6861E+005
 0.9838     , 6.5173E+005, 6.6483E+005, 6.7142E+005
 0.9442     , 6.3729E+005, 6.6405E+005, 6.6245E+005
 0.8959     , 6.3323E+005, 6.6311E+005, 6.5058E+005
 0.8356     , 6.4839E+005, 6.6228E+005, 6.5659E+005
 0.7790     , 6.5355E+005, 6.6168E+005, 6.7545E+005
 0.7217     , 6.5480E+005, 6.6113E+005, 6.7806E+005
 0.6581     , 6.5067E+005, 6.6056E+005, 6.8487E+005
 0.5901     , 6.6016E+005, 6.6001E+005, 6.8263E+005
 0.5326     , 6.5178E+005, 6.5952E+005, 6.9239E+005
 0.4810     , 6.4518E+005, 6.5887E+005, 6.7680E+005
 0.4408     , 6.4113E+005, 6.5813E+005, 6.6628E+005
 0.4462     , 6.3372E+005, 6.5727E+005, 6.3084E+005
 0.3856     , 6.4713E+005, 6.5656E+005, 6.8113E+005
 0.3426     , 6.4424E+005, 6.5590E+005, 6.7469E+005
 0.2815     , 6.5285E+005, 6.5530E+005, 6.9205E+005
 0.2232     , 6.4878E+005, 6.5475E+005, 7.0238E+005
 0.1806     , 6.3761E+005, 6.5405E+005, 6.8337E+005
 0.5384     , 5.7630E+005, 6.5245E+005, 3.9728E+005
  2.000     , 3.0725E+003, 6.4600E+005, 1.4864E+006
  2.000     , 3.9259E+006, 7.0151E+005, 1.5616E+009
  2.000     , 2.9907E+005, 6.9430E+005, 1.1698E+010
  1.937     , 3.5796E+005, 6.8422E+005, 3.0936E+001
  1.875     , 6.2097E+005, 6.8103E+005, 5.7017E+005
  1.813     , 6.6310E+005, 6.7996E+005, 6.6627E+005
  1.758     , 6.6648E+005, 6.7921E+005, 6.7796E+005
  1.702     , 6.6603E+005, 6.7847E+005, 6.7762E+005
  1.645     , 6.6853E+005, 6.7775E+005, 6.7785E+005
  1.857     , 6.3194E+005, 6.7667E+005, 6.0216E+005
  1.812     , 6.6056E+005, 6.7569E+005, 6.6066E+005
  1.771     , 6.6372E+005, 6.7495E+005, 6.7263E+005
  1.864     , 6.4118E+005, 6.7401E+005, 6.3216E+005
  2.000     , 2.1824E+006, 7.0480E+005, 7.5309E+010
  1.957     , 3.6015E+005, 6.9451E+005, 3.5302E+001
  1.917     , 6.2417E+005, 6.9114E+005, 5.6810E+005
  2.000     , 6.3484E+005, 6.8966E+005, 6.3232E+005
  2.000     , 2.3686E+004, 6.8314E+005, 2.2210E+008
  1.966     , 3.5077E+005, 6.7318E+005, 1.2477E+002
  2.000     , 5.8019E+005, 6.6977E+005, 5.3853E+005
  1.980     , 6.3622E+005, 6.6824E+005, 6.0751E+005
  1.959     , 6.5277E+005, 6.6740E+005, 6.5797E+005
  1.892     , 6.5825E+005, 6.6670E+005, 6.6839E+005
  1.827     , 6.5879E+005, 6.6606E+005, 6.7144E+005
  1.756     , 6.6049E+005, 6.6543E+005, 6.7279E+005
  1.686     , 6.5966E+005, 6.6482E+005, 6.7549E+005
  1.627     , 6.5414E+005, 6.6415E+005, 6.7000E+005
  1.558     , 6.5605E+005, 6.6345E+005, 6.6825E+005
  1.482     , 6.5913E+005, 6.6282E+005, 6.7554E+005
  1.401     , 6.5899E+005, 6.6221E+005, 6.7983E+005
  1.318     , 6.5430E+005, 6.6155E+005, 6.7966E+005
  1.245     , 6.5097E+005, 6.6080E+005, 6.7078E+005
  1.168     , 6.5482E+005, 6.6006E+005, 6.7284E+005
  1.091     , 6.5547E+005, 6.5938E+005, 6.7948E+005
  1.019     , 6.4527E+005, 6.5863E+005, 6.7771E+005
 0.9257     , 6.4888E+005, 6.5780E+005, 6.7561E+005
 0.8295     , 6.5692E+005, 6.5708E+005, 6.8739E+005
 0.7390     , 6.5542E+005, 6.5643E+005, 6.9589E+005
 0.6631     , 6.4733E+005, 6.5568E+005, 6.8640E+005
 0.5871     , 6.4946E+005, 6.5486E+005, 6.8251E+005
 0.5073     , 6.4887E+005, 6.5409E+005, 6.9407E+005
 0.4258     , 6.4915E+005, 6.5330E+005, 6.9720E+005
 0.3483     , 6.4333E+005, 6.5246E+005, 7.0072E+005
 0.6999     , 5.7943E+005, 6.5074E+005, 4.3449E+005
  2.000     , 7.8035E+004, 6.4537E+005, 1.0804E+009
  1.925     , 3.3338E+005, 6.3576E+005, 8.1568E+001
  1.838     , 5.7962E+005, 6.3257E+005, 5.3614E+005
  1.746     , 6.2262E+005, 6.3138E+005, 6.2834E+005
  1.648     , 6.2525E+005, 6.3050E+005, 6.4840E+005
  1.557     , 6.2780E+005, 6.2961E+005, 6.4134E+005
  1.457     , 6.3026E+005, 6.2879E+005, 6.5383E+005
  1.367     , 6.2683E+005, 6.2793E+005, 6.4959E+005
  1.279     , 6.2354E+005, 6.2701E+005, 6.4752E+005
  1.189     , 6.2568E+005, 6.2608E+005, 6.4665E+005
  1.108     , 6.1941E+005, 6.2514E+005, 6.4886E+005
  1.026     , 6.1606E+005, 6.2411E+005, 6.4107E+005
 0.9564     , 6.1083E+005, 6.2302E+005, 6.3608E+005
 0.8851     , 6.0950E+005, 6.2190E+005, 6.3351E+005
 0.8219     , 6.0707E+005, 6.2076E+005, 6.3076E+005
 0.7504     , 6.1047E+005, 6.1967E+005, 6.3471E+005
 0.6805     , 6.0816E+005, 6.1862E+005, 6.3999E+005
 0.6099     , 6.0722E+005, 6.1757E+005, 6.3849E+005
 0.5385     , 6.0900E+005, 6.1654E+005, 6.4171E+005
 0.4599     , 6.0878E+005, 6.1556E+005, 6.5263E+005
 0.3794     , 6.1577E+005, 6.1464E+005, 6.5683E+005
 0.2924     , 6.1451E+005, 6.1381E+005, 6.7892E+005
 0.2051     , 6.1184E+005, 6.1294E+005, 6.8370E+005
 0.1183     , 6.0996E+005, 6.1205E+005, 6.9361E+005
 0.3090E-001, 6.0686E+005, 6.1114E+005, 7.1030E+005
 0.1000E-004, 5.9954E+005, 6.1009E+005, 6.3648E+005
 0.1000E-004, 5.9305E+005, 6.0896E+005, 5.9491E+005
 0.1000E-004, 5.9466E+005, 6.0783E+005, 5.9234E+005
 0.1000E-004, 5.9656E+005, 6.0676E+005, 5.9444E+005
 0.1000E-004, 5.9404E+005, 6.0568E+005, 5.9634E+005
 0.1000E-004, 5.9134E+005, 6.0455E+005, 5.9331E+005
 0.1000E-004, 5.8779E+005, 6.0338E+005, 5.9062E+005
 0.1000E-004, 5.8354E+005, 6.0215E+005, 5.8695E+005
 0.1000E-004, 5.8699E+005, 6.0093E+005, 5.8262E+005
 0.1000E-004, 5.8851E+005, 5.9980E+005, 5.8698E+005
 0.1000E-004, 5.8307E+005, 5.9865E+005, 5.8820E+005
 0.1000E-004, 5.7721E+005, 5.9744E+005, 5.8198E+005
 0.1000E-004, 5.8333E+005, 5.9625E+005, 5.7614E+005
 0.1000E-004, 5.7931E+005, 5.9512E+005, 5.8366E+005
 0.1000E-004, 5.7892E+005, 5.9397E+005, 5.7832E+005
 0.1000E-004, 5.7795E+005, 5.9283E+005, 5.7850E+005
 0.1000E-004, 5.7979E+005, 5.9172E+005, 5.7740E+005
 0.1000E-004, 5.7581E+005, 5.9060E+005, 5.7958E+005
 0.1000E-004, 5.7350E+005, 5.8943E+005, 5.7489E+005
 0.1000E-004, 5.7129E+005, 5.8824E+005, 5.7283E+005
 0.1000E-004, 5.7128E+005, 5.8703E+005, 5.7060E+005
 0.1000E-004, 5.6375E+005, 5.8577E+005, 5.7084E+005
 0.1000E-004, 5.6823E+005, 5.8449E+005, 5.6240E+005
 0.1000E-004, 5.7118E+005, 5.8329E+005, 5.6836E+005
 0.1000E-004, 5.7307E+005, 5.8215E+005, 5.7099E+005
 0.1000E-004, 5.6607E+005, 5.8098E+005, 5.7282E+005
 0.1000E-004, 5.6143E+005, 5.7973E+005, 5.6478E+005
 0.1000E-004, 5.6034E+005, 5.7845E+005, 5.6051E+005
 0.1000E-004, 5.6337E+005, 5.7722E+005, 5.5978E+005
 0.1000E-004, 5.6572E+005, 5.7608E+005, 5.6326E+005
 0.1000E-004, 5.6914E+005, 5.7499E+005, 5.6551E+005
 0.1000E-004, 5.5921E+005, 5.7388E+005, 5.6910E+005
 0.1000E-004, 5.5948E+005, 5.7267E+005, 5.5757E+005
 0.1000E-004, 5.6043E+005, 5.7151E+005, 5.5918E+005
 0.1000E-004, 5.5905E+005, 5.7037E+005, 5.6008E+005
 0.1000E-004, 5.5988E+005, 5.6924E+005, 5.5844E+005
 0.1000E-004, 5.5404E+005, 5.6810E+005, 5.5956E+005
 0.1000E-004, 5.5160E+005, 5.6690E+005, 5.5291E+005
 0.1000E-004, 5.5003E+005, 5.6570E+005, 5.5093E+005
 0.1000E-004, 5.4525E+005, 5.6448E+005, 5.4941E+005
 0.1000E-004, 5.4755E+005, 5.6324E+005, 5.4425E+005
 0.1000E-004, 5.5143E+005, 5.6209E+005, 5.4740E+005
 0.1000E-004, 5.4913E+005, 5.6097E+005, 5.5141E+005
 0.1000E-004, 5.4623E+005, 5.5982E+005, 5.4838E+005
 0.1000E-004, 5.5083E+005, 5.5870E+005, 5.4549E+005
 0.1000E-004, 5.4793E+005, 5.5762E+005, 5.5097E+005
 0.1000E-004, 5.4363E+005, 5.5649E+005, 5.4710E+005
 0.1000E-004, 5.3747E+005, 5.5528E+005, 5.4274E+005
 0.1000E-004, 5.4210E+005, 5.5407E+005, 5.3634E+005
 0.1000E-004, 5.3327E+005, 5.5286E+005, 5.4225E+005
 0.1000E-004, 5.3880E+005, 5.5163E+005, 5.3172E+005
 0.1000E-004, 5.3821E+005, 5.5048E+005, 5.3910E+005
 0.1000E-004, 5.3164E+005, 5.4929E+005, 5.3761E+005
 0.1000E-004, 5.2798E+005, 5.4803E+005, 5.3044E+005
 0.1000E-004, 5.2697E+005, 5.4676E+005, 5.2717E+005
 0.1000E-004, 5.3290E+005, 5.4557E+005, 5.2641E+005
 0.1000E-004, 5.3310E+005, 5.4446E+005, 5.3315E+005
 0.1000E-004, 5.3281E+005, 5.4336E+005, 5.3261E+005
 0.1000E-004, 5.2857E+005, 5.4224E+005, 5.3236E+005
 0.1000E-004, 5.3129E+005, 5.4111E+005, 5.2765E+005
 0.1000E-004, 5.3215E+005, 5.4003E+005, 5.3123E+005
 0.1000E-004, 5.2961E+005, 5.3896E+005, 5.3179E+005
 0.1000E-004, 5.1804E+005, 5.3779E+005, 5.2889E+005
 0.1000E-004, 5.1863E+005, 5.3654E+005, 5.1630E+005
 0.1000E-004, 5.2098E+005, 5.3536E+005, 5.1837E+005
 0.1000E-004, 5.2779E+005, 5.3429E+005, 5.2078E+005
 0.1000E-004, 5.2782E+005, 5.3331E+005, 5.2816E+005
 0.1000E-004, 5.2228E+005, 5.3229E+005, 5.2736E+005
 0.1000E-004, 5.1297E+005, 5.3115E+005, 5.2124E+005
 0.1000E-004, 5.1350E+005, 5.2996E+005, 5.1154E+005
 0.1000E-004, 5.1246E+005, 5.2881E+005, 5.1323E+005
 0.1000E-004, 5.1156E+005, 5.2768E+005, 5.1188E+005
 0.9961E-001, 4.9166E+005, 5.2634E+005, 4.1509E+005
  2.000     , 3.4190E+007, 1.1061E+006, 1.3559E+012
  2.000     , 1.4745E+004, 1.0857E+006, 1.3728E+007
  1.958     , 5.5565E+005, 1.0692E+006, 1.7742E+003
  1.910     , 9.6354E+005, 1.0635E+006, 8.7859E+005
  1.862     , 1.0356E+006, 1.0611E+006, 1.0310E+006
  2.000     , 9.3082E+005, 1.0585E+006, 9.7873E+005
  2.000     , 9.4686E+002, 1.0469E+006, 1.1293E+006
  1.950     , 5.3526E+005, 1.0311E+006, 5.8780E+002
  1.894     , 9.2833E+005, 1.0257E+006, 8.4896E+005
  1.836     , 1.0021E+006, 1.0235E+006, 9.9587E+005
  1.789     , 1.0096E+006, 1.0220E+006, 1.0267E+006
  1.748     , 1.0109E+006, 1.0205E+006, 1.0190E+006
  1.692     , 1.0073E+006, 1.0191E+006, 1.0326E+006
  1.640     , 1.0093E+006, 1.0176E+006, 1.0189E+006
  1.594     , 1.0080E+006, 1.0163E+006, 1.0269E+006
  1.547     , 1.0034E+006, 1.0149E+006, 1.0220E+006
  1.500     , 1.0060E+006, 1.0135E+006, 1.0180E+006
  1.449     , 1.0107E+006, 1.0123E+006, 1.0268E+006
  1.399     , 1.0094E+006, 1.0111E+006, 1.0297E+006
  1.351     , 9.9944E+005, 1.0099E+006, 1.0264E+006
  1.311     , 9.8573E+005, 1.0085E+006, 1.0097E+006
  1.274     , 9.7539E+005, 1.0070E+006, 9.9552E+005
  1.236     , 9.8864E+005, 1.0055E+006, 9.8805E+005
  1.195     , 9.9503E+005, 1.0042E+006, 1.0130E+006
  1.150     , 9.8966E+005, 1.0031E+006, 1.0151E+006
  1.105     , 9.9361E+005, 1.0019E+006, 1.0073E+006
  1.058     , 9.8705E+005, 1.0008E+006, 1.0190E+006
  1.022     , 9.4162E+005, 9.9925E+005, 9.9800E+005
 0.9836     , 9.6848E+005, 9.9743E+005, 9.4447E+005
 0.9505     , 9.6832E+005, 9.9611E+005, 1.0009E+006
 0.9258     , 9.7203E+005, 9.9470E+005, 9.7308E+005
  1.088     , 9.2771E+005, 9.9292E+005, 8.6736E+005
  2.000     , 2.7673E+006, 1.0304E+006, 6.4246E+010
  1.974     , 5.2750E+005, 1.0153E+006, 7.6169E+001
  1.947     , 9.2370E+005, 1.0104E+006, 8.3063E+005
  1.917     , 9.8562E+005, 1.0088E+006, 9.8795E+005
  1.886     , 9.8415E+005, 1.0076E+006, 9.9723E+005
  1.859     , 9.7704E+005, 1.0063E+006, 9.8856E+005
  2.000     , 1.5234E+007, 1.2557E+006, 2.4854E+009
  1.968     , 6.5464E+005, 1.2392E+006, 1.3248E+004
  1.939     , 1.1272E+006, 1.2334E+006, 1.0267E+006
  1.908     , 1.2016E+006, 1.2315E+006, 1.1987E+006
  1.877     , 1.2176E+006, 1.2302E+006, 1.2190E+006
  1.846     , 1.2097E+006, 1.2291E+006, 1.2332E+006
  1.823     , 1.1923E+006, 1.2277E+006, 1.2088E+006
  1.825     , 1.1864E+006, 1.2262E+006, 1.1820E+006
  2.000     , 3.6662E+007, 1.8421E+006, 9.8247E+010
  1.978     , 9.4184E+005, 1.8157E+006, 1.1778E+003
  1.953     , 1.6246E+006, 1.8071E+006, 1.4816E+006
  1.922     , 1.7337E+006, 1.8040E+006, 1.7253E+006
  1.934     , 1.7444E+006, 1.8018E+006, 1.7291E+006
  1.910     , 1.7642E+006, 1.7999E+006, 1.7705E+006
  1.882     , 1.7743E+006, 1.7983E+006, 1.7811E+006
  1.855     , 1.7726E+006, 1.7968E+006, 1.7910E+006
  1.828     , 1.7719E+006, 1.7952E+006, 1.7836E+006
  1.802     , 1.7674E+006, 1.7937E+006, 1.7855E+006
  1.775     , 1.7137E+006, 1.7919E+006, 1.7794E+006
  1.751     , 1.6467E+006, 1.7889E+006, 1.6975E+006
  1.724     , 1.6573E+006, 1.7854E+006, 1.6403E+006
  1.703     , 1.6766E+006, 1.7824E+006, 1.6820E+006
  1.681     , 1.7101E+006, 1.7798E+006, 1.6904E+006
  1.659     , 1.7331E+006, 1.7779E+006, 1.7376E+006
  1.639     , 1.7589E+006, 1.7763E+006, 1.7475E+006
  1.618     , 1.7656E+006, 1.7751E+006, 1.7821E+006
  1.598     , 1.7619E+006, 1.7740E+006, 1.7744E+006
  1.576     , 1.7576E+006, 1.7728E+006, 1.7741E+006
  1.554     , 1.7533E+006, 1.7715E+006, 1.7681E+006
  1.534     , 1.7487E+006, 1.7702E+006, 1.7637E+006
  1.514     , 1.7464E+006, 1.7689E+006, 1.7591E+006
  1.493     , 1.7553E+006, 1.7677E+006, 1.7588E+006
  1.471     , 1.7528E+006, 1.7666E+006, 1.7731E+006
  1.532     , 1.7100E+006, 1.7650E+006, 1.6885E+006
  1.509     , 1.7210E+006, 1.7634E+006, 1.7408E+006
  1.486     , 1.7417E+006, 1.7619E+006, 1.7310E+006
  1.465     , 1.7538E+006, 1.7609E+006, 1.7667E+006
  1.440     , 1.7151E+006, 1.7596E+006, 1.7700E+006
  1.418     , 1.7143E+006, 1.7579E+006, 1.7093E+006
  1.396     , 1.7142E+006, 1.7564E+006, 1.7366E+006
  1.376     , 1.7038E+006, 1.7547E+006, 1.7218E+006
  1.360     , 1.7190E+006, 1.7531E+006, 1.7108E+006
  1.342     , 1.7319E+006, 1.7519E+006, 1.7391E+006
  1.324     , 1.7357E+006, 1.7508E+006, 1.7461E+006
  1.306     , 1.7407E+006, 1.7498E+006, 1.7490E+006
  1.283     , 1.7377E+006, 1.7489E+006, 1.7593E+006
  1.261     , 1.7399E+006, 1.7480E+006, 1.7501E+006
  1.234     , 1.7465E+006, 1.7471E+006, 1.7633E+006
  1.211     , 1.7223E+006, 1.7462E+006, 1.7635E+006
  1.188     , 1.7058E+006, 1.7449E+006, 1.7285E+006
  1.163     , 1.7128E+006, 1.7435E+006, 1.7220E+006
  1.136     , 1.7181E+006, 1.7423E+006, 1.7381E+006
  1.110     , 1.7177E+006, 1.7411E+006, 1.7372E+006
  1.084     , 1.7238E+006, 1.7400E+006, 1.7385E+006
  1.057     , 1.7264E+006, 1.7390E+006, 1.7485E+006
  1.034     , 1.7196E+006, 1.7379E+006, 1.7446E+006
  1.009     , 1.6677E+006, 1.7365E+006, 1.7385E+006
 0.9839     , 1.6843E+006, 1.7345E+006, 1.6694E+006
 0.9595     , 1.7196E+006, 1.7332E+006, 1.7192E+006
 0.9357     , 1.7216E+006, 1.7322E+006, 1.7493E+006
 0.9114     , 1.7088E+006, 1.7311E+006, 1.7418E+006
 0.8869     , 1.7034E+006, 1.7299E+006, 1.7276E+006
 0.8606     , 1.7065E+006, 1.7287E+006, 1.7286E+006
 0.8359     , 1.7042E+006, 1.7275E+006, 1.7312E+006
 0.8132     , 1.6912E+006, 1.7262E+006, 1.7250E+006
 0.7967     , 1.6861E+006, 1.7247E+006, 1.7016E+006
 0.7801     , 1.7076E+006, 1.7235E+006, 1.7033E+006
 0.7579     , 1.6992E+006, 1.7224E+006, 1.7408E+006
 0.8913     , 1.6167E+006, 1.7203E+006, 1.5149E+006
  2.000     , 3.9089E+006, 1.7710E+006, 1.2493E+011
  2.000     , 1.4036E+004, 1.7401E+006, 7.5695E+009
  2.000     , 8.6392E+005, 1.7151E+006, 5.4769E+000
  2.000     , 1.8913E+005, 1.6974E+006, 3.3923E+009
  2.000     , 1.8668E+003, 1.6675E+006, 1.6056E+002
  1.973     , 8.5708E+005, 1.6437E+006, 1.8722E+003
  1.945     , 1.4944E+006, 1.6364E+006, 1.3505E+006
  1.919     , 1.5803E+006, 1.6343E+006, 1.5921E+006
  1.895     , 1.5964E+006, 1.6327E+006, 1.5901E+006
  1.866     , 1.6090E+006, 1.6314E+006, 1.6191E+006
  1.838     , 1.6150E+006, 1.6303E+006, 1.6228E+006
  1.812     , 1.6148E+006, 1.6292E+006, 1.6298E+006
  1.839     , 1.6019E+006, 1.6280E+006, 1.5871E+006
  1.812     , 1.5866E+006, 1.6268E+006, 1.6290E+006
  1.784     , 1.5974E+006, 1.6253E+006, 1.5833E+006
  1.754     , 1.6066E+006, 1.6241E+006, 1.6271E+006
  1.723     , 1.6017E+006, 1.6230E+006, 1.6178E+006
  1.691     , 1.5928E+006, 1.6218E+006, 1.6172E+006
  1.672     , 1.5912E+006, 1.6204E+006, 1.5941E+006
  1.643     , 1.5929E+006, 1.6192E+006, 1.6114E+006
  1.609     , 1.5981E+006, 1.6180E+006, 1.6092E+006
  1.579     , 1.5988E+006, 1.6168E+006, 1.6166E+006
  1.552     , 1.5965E+006, 1.6157E+006, 1.6110E+006
  1.549     , 1.5886E+006, 1.6144E+006, 1.5914E+006
  2.000     , 2.0605E+007, 1.9520E+006, 2.0477E+010
  1.973     , 1.0054E+006, 1.9245E+006, 3.3736E+003
  1.951     , 1.7240E+006, 1.9158E+006, 1.5807E+006
  1.921     , 1.8403E+006, 1.9127E+006, 1.8248E+006
  1.890     , 1.8781E+006, 1.9108E+006, 1.8731E+006
  1.860     , 1.8825E+006, 1.9094E+006, 1.9049E+006
  1.834     , 1.8812E+006, 1.9078E+006, 1.8921E+006
  1.810     , 1.8900E+006, 1.9064E+006, 1.8945E+006
  1.776     , 1.8774E+006, 1.9051E+006, 1.9168E+006
  1.736     , 1.8561E+006, 1.9034E+006, 1.8897E+006
  1.702     , 1.7977E+006, 1.9011E+006, 1.8675E+006
  1.665     , 1.8425E+006, 1.8985E+006, 1.7934E+006
  1.635     , 1.8573E+006, 1.8968E+006, 1.8945E+006
  1.609     , 1.8571E+006, 1.8950E+006, 1.8613E+006
  1.585     , 1.8728E+006, 1.8935E+006, 1.8763E+006
  1.559     , 1.8541E+006, 1.8920E+006, 1.8955E+006
  1.748     , 1.7427E+006, 1.8892E+006, 1.6741E+006
  1.754     , 1.8042E+006, 1.8863E+006, 1.7728E+006
  1.723     , 1.8315E+006, 1.8842E+006, 1.8465E+006
  1.684     , 1.8592E+006, 1.8825E+006, 1.8565E+006
  1.640     , 1.8681E+006, 1.8813E+006, 1.8998E+006
  1.599     , 1.8580E+006, 1.8799E+006, 1.8890E+006
  1.571     , 1.8382E+006, 1.8784E+006, 1.8676E+006
  1.541     , 1.8119E+006, 1.8765E+006, 1.8515E+006
  1.502     , 1.8406E+006, 1.8745E+006, 1.8277E+006
  1.459     , 1.8623E+006, 1.8732E+006, 1.8885E+006
  1.421     , 1.8501E+006, 1.8719E+006, 1.8880E+006
  1.391     , 1.8363E+006, 1.8704E+006, 1.8613E+006
  1.358     , 1.8298E+006, 1.8688E+006, 1.8579E+006
  1.518     , 1.6998E+006, 1.8660E+006, 1.6671E+006
  2.000     , 1.3225E+006, 1.8702E+006, 2.3925E+010
  2.000     , 2.2781E+003, 1.8372E+006, 1.7552E+002
  2.000     , 8.1986E+005, 1.8103E+006, 2.2594E+003
  2.000     , 4.2024E+002, 1.7868E+006, 2.0945E+007
  2.000     , 6.7863E+004, 1.7564E+006, 1.5935E+009
  2.000     , 8.1960E+004, 1.7268E+006, 6.2147E+008
  1.976     , 8.8619E+005, 1.7020E+006, 3.8868E+002
  1.946     , 1.5363E+006, 1.6943E+006, 1.3992E+006
  1.912     , 1.6421E+006, 1.6919E+006, 1.6353E+006
  1.876     , 1.6607E+006, 1.6903E+006, 1.6710E+006
  1.842     , 1.6607E+006, 1.6889E+006, 1.6794E+006
  2.000     , 1.5773E+006, 1.6866E+006, 1.5432E+006
  1.971     , 1.6219E+006, 1.6843E+006, 1.6149E+006
  2.000     , 1.4783E+006, 1.6813E+006, 1.6060E+006
  2.000     , 4.9157E+003, 1.6641E+006, 8.2266E+008
  1.993     , 8.4901E+005, 1.6401E+006, 1.6871E+001
  1.983     , 1.4684E+006, 1.6325E+006, 1.3303E+006
  2.000     , 1.4669E+006, 1.6292E+006, 1.5346E+006
  2.000     , 6.3284E+003, 1.6128E+006, 9.3121E+007
  1.954     , 8.2816E+005, 1.5896E+006, 1.8423E+002
  2.000     , 1.4051E+006, 1.5821E+006, 1.2620E+006
  2.000     , 6.3540E+005, 1.5773E+006, 3.0455E+010
  1.964     , 8.0757E+005, 1.5546E+006, 5.6702E+001
  1.926     , 1.4095E+006, 1.5475E+006, 1.2754E+006
  1.881     , 1.5198E+006, 1.5454E+006, 1.5129E+006
  1.837     , 1.5353E+006, 1.5443E+006, 1.5530E+006
  1.788     , 1.5292E+006, 1.5432E+006, 1.5587E+006
  1.761     , 1.5156E+006, 1.5419E+006, 1.5321E+006
  2.000     , 1.4179E+006, 1.5396E+006, 1.3582E+006
  2.000     , 6.1032E+004, 1.5256E+006, 2.2788E+009
  2.000     , 5.0956E+002, 1.4986E+006, 2.9016E+007
  2.000     , 8.4322E+002, 1.4720E+006, 6.0478E+006
  1.954     , 7.5900E+005, 1.4509E+006, 2.5066E+002
  1.905     , 1.3150E+006, 1.4443E+006, 1.2062E+006
  1.863     , 1.4057E+006, 1.4422E+006, 1.3995E+006
  1.817     , 1.4263E+006, 1.4410E+006, 1.4374E+006
  1.769     , 1.4240E+006, 1.4398E+006, 1.4507E+006
  1.698     , 1.4260E+006, 1.4387E+006, 1.4568E+006
  1.628     , 1.4362E+006, 1.4376E+006, 1.4578E+006
  1.560     , 1.4366E+006, 1.4366E+006, 1.4735E+006
  1.505     , 1.4215E+006, 1.4355E+006, 1.4575E+006
  1.453     , 1.4145E+006, 1.4342E+006, 1.4429E+006
  1.725     , 1.3195E+006, 1.4318E+006, 1.2236E+006
  2.000     , 1.4319E+005, 1.4201E+006, 1.2494E+010
  1.951     , 7.2769E+005, 1.3995E+006, 2.8192E+001
  1.892     , 1.2585E+006, 1.3928E+006, 1.1574E+006
  1.821     , 1.3555E+006, 1.3905E+006, 1.3544E+006
  1.760     , 1.3658E+006, 1.3890E+006, 1.3934E+006
  2.000     , 8.9499E+004, 1.3773E+006, 5.5545E+007
  1.946     , 7.1021E+005, 1.3573E+006, 3.6965E+003
  1.898     , 1.2224E+006, 1.3508E+006, 1.1235E+006
  1.848     , 1.3098E+006, 1.3485E+006, 1.3038E+006
  1.793     , 1.3003E+006, 1.3468E+006, 1.3448E+006
  1.726     , 1.3009E+006, 1.3448E+006, 1.3168E+006
  1.652     , 1.3131E+006, 1.3431E+006, 1.3376E+006
  1.573     , 1.3294E+006, 1.3416E+006, 1.3519E+006
  1.499     , 1.3328E+006, 1.3403E+006, 1.3680E+006
  1.428     , 1.3272E+006, 1.3390E+006, 1.3653E+006
  1.353     , 1.3211E+006, 1.3375E+006, 1.3639E+006
  1.275     , 1.3267E+006, 1.3361E+006, 1.3601E+006
  1.200     , 1.3265E+006, 1.3347E+006, 1.3712E+006
  1.132     , 1.3202E+006, 1.3332E+006, 1.3635E+006
  1.062     , 1.3219E+006, 1.3317E+006, 1.3627E+006
 0.9863     , 1.3211E+006, 1.3303E+006, 1.3748E+006
 0.9238     , 1.3067E+006, 1.3287E+006, 1.3598E+006
 0.8531     , 1.3021E+006, 1.3269E+006, 1.3572E+006
 0.7800     , 1.3165E+006, 1.3253E+006, 1.3594E+006
 0.6923     , 1.3261E+006, 1.3239E+006, 1.4030E+006
 0.6206     , 1.3019E+006, 1.3224E+006, 1.3898E+006
 0.5531     , 1.2996E+006, 1.3207E+006, 1.3630E+006
 0.4843     , 1.2932E+006, 1.3190E+006, 1.3778E+006
 0.4151     , 1.2918E+006, 1.3172E+006, 1.3750E+006
 0.3635     , 1.2870E+006, 1.3154E+006, 1.3544E+006
 0.3127     , 1.2834E+006, 1.3136E+006, 1.3583E+006
 0.2470     , 1.3024E+006, 1.3120E+006, 1.3903E+006
 0.1779     , 1.2959E+006, 1.3105E+006, 1.4311E+006
 0.1023     , 1.3057E+006, 1.3090E+006, 1.4534E+006
 0.1466E-001, 1.3033E+006, 1.3077E+006, 1.5365E+006
 0.1000E-004, 1.2859E+006, 1.3060E+006, 1.3188E+006
 0.1000E-004, 1.2690E+006, 1.3041E+006, 1.2815E+006
 0.1000E-004, 1.2569E+006, 1.3020E+006, 1.2667E+006
 0.1000E-004, 1.2565E+006, 1.2998E+006, 1.2549E+006
 0.1000E-004, 1.2403E+006, 1.2975E+006, 1.2558E+006
 0.1000E-004, 1.2609E+006, 1.2952E+006, 1.2376E+006
 0.1000E-004, 1.2453E+006, 1.2931E+006, 1.2626E+006
 0.1000E-004, 1.2556E+006, 1.2909E+006, 1.2424E+006
 0.1000E-004, 1.2529E+006, 1.2889E+006, 1.2563E+006
 0.1000E-004, 1.1870E+006, 1.2863E+006, 1.2517E+006
 0.1000E-004, 1.2164E+006, 1.2834E+006, 1.1789E+006
 0.1000E-004, 1.2463E+006, 1.2811E+006, 1.2194E+006
 0.1000E-004, 1.2470E+006, 1.2791E+006, 1.2485E+006
 0.1000E-004, 1.2426E+006, 1.2770E+006, 1.2460E+006
 0.1000E-004, 1.2378E+006, 1.2749E+006, 1.2413E+006
 0.1000E-004, 1.2307E+006, 1.2727E+006, 1.2365E+006
 0.1000E-004, 1.2210E+006, 1.2704E+006, 1.2291E+006
 0.1000E-004, 1.2341E+006, 1.2681E+006, 1.2190E+006
 0.1000E-004, 1.2199E+006, 1.2658E+006, 1.2349E+006
 0.1000E-004, 1.2315E+006, 1.2635E+006, 1.2172E+006
 0.1000E-004, 1.2258E+006, 1.2613E+006, 1.2322E+006
 0.1000E-004, 1.2097E+006, 1.2590E+006, 1.2241E+006
 0.1000E-004, 1.2145E+006, 1.2565E+006, 1.2070E+006
 0.1000E-004, 1.2070E+006, 1.2541E+006, 1.2143E+006
 0.1000E-004, 1.2118E+006, 1.2517E+006, 1.2051E+006
 0.1000E-004, 1.2057E+006, 1.2493E+006, 1.2115E+006
 0.1000E-004, 1.2120E+006, 1.2469E+006, 1.2040E+006
 0.1000E-004, 1.2142E+006, 1.2447E+006, 1.2120E+006
 0.1000E-004, 1.2009E+006, 1.2423E+006, 1.2135E+006
 0.1000E-004, 1.1997E+006, 1.2399E+006, 1.1985E+006
 0.1000E-004, 1.1959E+006, 1.2375E+006, 1.1988E+006
 0.1000E-004, 1.1972E+006, 1.2351E+006, 1.1945E+006
 0.1000E-004, 1.1889E+006, 1.2327E+006, 1.1965E+006
 0.1000E-004, 1.1932E+006, 1.2302E+006, 1.1870E+006
 0.1000E-004, 1.1862E+006, 1.2278E+006, 1.1929E+006
 0.1000E-004, 1.1778E+006, 1.2253E+006, 1.1844E+006
 0.1000E-004, 1.1899E+006, 1.2227E+006, 1.1759E+006
 0.1000E-004, 1.1920E+006, 1.2204E+006, 1.1905E+006
 0.1000E-004, 1.1812E+006, 1.2179E+006, 1.1911E+006
 0.1000E-004, 1.1809E+006, 1.2154E+006, 1.1790E+006
 0.1000E-004, 1.1899E+006, 1.2129E+006, 1.1800E+006
 0.1000E-004, 1.1795E+006, 1.2105E+006, 1.1900E+006
 0.1000E-004, 1.1664E+006, 1.2079E+006, 1.1772E+006
 0.1000E-004, 1.1576E+006, 1.2051E+006, 1.1640E+006
 0.1000E-004, 1.1648E+006, 1.2024E+006, 1.1557E+006
 0.1000E-004, 1.1652E+006, 1.1998E+006, 1.1647E+006
 0.1000E-004, 1.1445E+006, 1.1970E+006, 1.1642E+006
 0.1000E-004, 1.1525E+006, 1.1943E+006, 1.1411E+006
 0.1000E-004, 1.1575E+006, 1.1917E+006, 1.1526E+006
 0.1000E-004, 1.1519E+006, 1.1892E+006, 1.1569E+006
 0.1000E-004, 1.1607E+006, 1.1868E+006, 1.1503E+006
 0.1000E-004, 1.1564E+006, 1.1845E+006, 1.1609E+006
 0.1000E-004, 1.1564E+006, 1.1821E+006, 1.1549E+006
 0.1000E-004, 1.1429E+006, 1.1796E+006, 1.1556E+006
 0.1000E-004, 1.1360E+006, 1.1769E+006, 1.1404E+006
 0.1000E-004, 1.1396E+006, 1.1742E+006, 1.1343E+006
 0.1000E-004, 1.1303E+006, 1.1715E+006, 1.1390E+006
 0.1000E-004, 1.1299E+006, 1.1687E+006, 1.1282E+006
 0.1000E-004, 1.1245E+006, 1.1660E+006, 1.1289E+006
 0.1000E-004, 1.1237E+006, 1.1632E+006, 1.1228E+006
 0.1000E-004, 1.1308E+006, 1.1605E+006, 1.1226E+006
 0.1000E-004, 1.1235E+006, 1.1579E+006, 1.1306E+006
 0.1000E-004, 1.1163E+006, 1.1552E+006, 1.1215E+006
 0.1000E-004, 1.1160E+006, 1.1525E+006, 1.1145E+006
 0.1000E-004, 1.1177E+006, 1.1498E+006, 1.1150E+006
 0.1000E-004, 1.1050E+006, 1.1471E+006, 1.1169E+006
 0.1000E-004, 1.1060E+006, 1.1443E+006, 1.1025E+006
 0.1000E-004, 1.1030E+006, 1.1416E+006, 1.1052E+006
 0.1000E-004, 1.1037E+006, 1.1389E+006, 1.1016E+006
 0.1000E-004, 1.1068E+006, 1.1363E+006, 1.1028E+006
 0.1000E-004, 1.0996E+006, 1.1337E+006, 1.1061E+006
 0.1000E-004, 1.0990E+006, 1.1311E+006, 1.0977E+006
 0.1000E-004, 1.1027E+006, 1.1286E+006, 1.0981E+006
 0.1000E-004, 1.0943E+006, 1.1261E+006, 1.1021E+006
 0.1000E-004, 1.0965E+006, 1.1235E+006, 1.0923E+006
 0.1000E-004, 1.0874E+006, 1.1209E+006, 1.0958E+006
 0.1000E-004, 1.0804E+006, 1.1181E+006, 1.0853E+006
 0.1000E-004, 1.0784E+006, 1.1154E+006, 1.0786E+006
 0.1000E-004, 1.0731E+006, 1.1125E+006, 1.0772E+006
 0.1000E-004, 1.0715E+006, 1.1097E+006, 1.0715E+006
 0.1000E-004, 1.0715E+006, 1.1069E+006, 1.0702E+006
 0.1000E-004, 1.0664E+006, 1.1041E+006, 1.0704E+006
 0.1000E-004, 1.0588E+006, 1.1012E+006, 1.0647E+006
 0.1000E-004, 1.0575E+006, 1.0984E+006, 1.0570E+006
 0.1000E-004, 1.0570E+006, 1.0956E+006, 1.0564E+006
 0.1000E-004, 1.0547E+006, 1.0929E+006, 1.0559E+006
 0.1000E-004, 1.0531E+006, 1.0902E+006, 1.0534E+006
 0.1000E-004, 1.0431E+006, 1.0874E+006, 1.0519E+006
 0.1000E-004, 1.0562E+006, 1.0847E+006, 1.0409E+006
 0.1000E-004, 1.0480E+006, 1.0822E+006, 1.0569E+006
 0.1000E-004, 1.0566E+006, 1.0797E+006, 1.0458E+006
 0.1000E-004, 1.0473E+006, 1.0772E+006, 1.0567E+006
 0.1000E-004, 1.0312E+006, 1.0746E+006, 1.0451E+006
 0.1000E-004, 1.0408E+006, 1.0720E+006, 1.0285E+006
 0.1000E-004, 1.0405E+006, 1.0696E+006, 1.0411E+006
 0.1000E-004, 1.0396E+006, 1.0672E+006, 1.0394E+006
 0.1000E-004, 1.0395E+006, 1.0649E+006, 1.0386E+006
 0.1000E-004, 1.0333E+006, 1.0625E+006, 1.0386E+006
 0.1000E-004, 1.0281E+006, 1.0601E+006, 1.0317E+006
 0.1000E-004, 1.0300E+006, 1.0578E+006, 1.0267E+006
 0.1000E-004, 1.0207E+006, 1.0554E+006, 1.0294E+006
 0.1000E-004, 1.0160E+006, 1.0530E+006, 1.0187E+006
 0.1000E-004, 1.0235E+006, 1.0506E+006, 1.0147E+006
 0.1000E-004, 1.0185E+006, 1.0484E+006, 1.0236E+006
 0.1000E-004, 1.0202E+006, 1.0462E+006, 1.0169E+006
 0.1000E-004, 1.0271E+006, 1.0442E+006, 1.0196E+006
 0.1000E-004, 1.0189E+006, 1.0422E+006, 1.0271E+006
 0.1000E-004, 1.0161E+006, 1.0401E+006, 1.0171E+006
 0.1000E-004, 1.0181E+006, 1.0381E+006, 1.0151E+006
 0.1000E-004, 1.0100E+006, 1.0361E+006, 1.0176E+006
 0.1000E-004, 1.0091E+006, 1.0340E+006, 1.0083E+006
 0.1000E-004, 1.0057E+006, 1.0320E+006, 1.0083E+006
 0.1000E-004, 1.0047E+006, 1.0300E+006, 1.0046E+006
 0.1000E-004, 1.0045E+006, 1.0280E+006, 1.0039E+006
 0.1000E-004, 1.0042E+006, 1.0261E+006, 1.0037E+006
 0.1000E-004, 9.9481E+005, 1.0241E+006, 1.0035E+006
 0.1000E-004, 9.9979E+005, 1.0222E+006, 9.9297E+005
 0.1000E-004, 9.9247E+005, 1.0202E+006, 9.9974E+005
 0.1000E-004, 9.9096E+005, 1.0182E+006, 9.9079E+005
 0.1000E-004, 9.9748E+005, 1.0163E+006, 9.9012E+005
 0.1000E-004, 9.8837E+005, 1.0144E+006, 9.9751E+005
 0.1000E-004, 9.8880E+005, 1.0125E+006, 9.8649E+005
 0.1000E-004, 9.7997E+005, 1.0105E+006, 9.8823E+005
 0.1000E-004, 9.8122E+005, 1.0084E+006, 9.7817E+005
 0.1000E-004, 9.8277E+005, 1.0065E+006, 9.8070E+005
 0.1000E-004, 9.8570E+005, 1.0045E+006, 9.8215E+005
 0.1000E-004, 9.6836E+005, 1.0025E+006, 9.8528E+005
 0.1000E-004, 9.7004E+005, 1.0004E+006, 9.6556E+005
 0.1000E-004, 9.7703E+005, 9.9846E+005, 9.6966E+005
 0.1000E-004, 9.7352E+005, 9.9661E+005, 9.7705E+005
 0.1000E-004, 9.6378E+005, 9.9470E+005, 9.7231E+005
 0.1000E-004, 9.7005E+005, 9.9281E+005, 9.6199E+005
 0.1000E-004, 9.6612E+005, 9.9101E+005, 9.7018E+005
 0.1000E-004, 9.5520E+005, 9.8913E+005, 9.6488E+005
 0.1000E-004, 9.5331E+005, 9.8719E+005, 9.5328E+005
 0.1000E-004, 9.6213E+005, 9.8537E+005, 9.5249E+005
 0.1000E-004, 9.6171E+005, 9.8370E+005, 9.6249E+005
 0.1000E-004, 9.6549E+005, 9.8209E+005, 9.6090E+005
 0.1000E-004, 9.5393E+005, 9.8048E+005, 9.6533E+005
 0.1000E-004, 9.3585E+005, 9.7863E+005, 9.5191E+005
 0.1000E-004, 9.6304E+005, 9.7687E+005, 9.3325E+005
 0.1000E-004, 9.4658E+005, 9.7531E+005, 9.6581E+005
 0.1000E-004, 9.4245E+005, 9.7356E+005, 9.4368E+005
 0.1000E-004, 9.3679E+005, 9.7178E+005, 9.4156E+005
 0.6747     , 7.6994E+005, 9.6799E+005, 3.6459E+005
  2.000     , 2.3045E+005, 9.6140E+005, 1.8385E+009
  2.000     , 4.8667E+005, 9.4702E+005, 2.0438E+002
  1.970     , 8.4348E+005, 9.4203E+005, 7.6687E+005
  1.929     , 9.0074E+005, 9.3999E+005, 9.0116E+005
  1.881     , 9.1178E+005, 9.3844E+005, 9.1868E+005
  1.834     , 9.2647E+005, 9.3712E+005, 9.2672E+005
  1.789     , 9.3007E+005, 9.3605E+005, 9.4498E+005
  1.748     , 9.2395E+005, 9.3495E+005, 9.3914E+005
  1.784     , 9.0062E+005, 9.3362E+005, 9.0055E+005
  2.000     , 2.8361E+006, 9.7299E+005, 5.4025E+010
  1.965     , 4.9913E+005, 9.5867E+005, 8.7963E+001
  1.927     , 8.6380E+005, 9.5397E+005, 7.8931E+005
  1.884     , 9.2219E+005, 9.5222E+005, 9.2149E+005
  1.838     , 9.3936E+005, 9.5101E+005, 9.4077E+005
  1.794     , 9.4929E+005, 9.5005E+005, 9.5680E+005
  1.757     , 9.3954E+005, 9.4913E+005, 9.6119E+005
  1.809     , 9.0127E+005, 9.4776E+005, 9.0629E+005
  2.000     , 2.9258E+005, 9.4334E+005, 1.2283E+008
  1.976     , 4.8607E+005, 9.2957E+005, 3.8036E+003
  1.951     , 8.4317E+005, 9.2511E+005, 7.6398E+005
  1.926     , 9.0034E+005, 9.2359E+005, 8.9640E+005
  1.896     , 9.0366E+005, 9.2250E+005, 9.1378E+005
  1.867     , 9.0443E+005, 9.2143E+005, 9.0955E+005
  1.835     , 9.0596E+005, 9.2044E+005, 9.1395E+005
  1.869     , 8.8644E+005, 9.1931E+005, 8.8790E+005
  2.000     , 1.6921E+006, 9.3940E+005, 3.1325E+009
  2.000     , 1.2931E+004, 9.2287E+005, 5.8112E+008
  1.981     , 4.7055E+005, 9.0946E+005, 3.5049E+001
  2.000     , 7.9981E+005, 9.0496E+005, 7.2650E+005
  2.000     , 1.1571E+006, 9.1561E+005, 1.7062E+010
  1.974     , 4.6798E+005, 9.0232E+005, 1.0657E+002
  1.946     , 8.1303E+005, 8.9803E+005, 7.3669E+005
  1.918     , 8.7551E+005, 8.9661E+005, 8.6536E+005
  1.890     , 8.8744E+005, 8.9575E+005, 8.9163E+005
  1.863     , 8.8632E+005, 8.9498E+005, 8.9507E+005
  1.836     , 8.8117E+005, 8.9417E+005, 8.9202E+005
  2.000     , 8.0876E+005, 8.9271E+005, 8.1608E+005
  2.000     , 3.4283E+003, 8.8376E+005, 3.3851E+006
  2.000     , 1.6518E+005, 8.7087E+005, 8.9930E+009
  2.000     , 2.4362E+001, 8.5538E+005, 2.7155E+001
  2.000     , 2.1179E+001, 8.4017E+005, 1.2007E+006
  2.000     , 3.4040E+001, 8.2523E+005, 1.1444E+001
  1.984     , 4.2009E+005, 8.1328E+005, 3.3965E+001
  2.000     , 7.0642E+005, 8.0925E+005, 6.4920E+005
  2.000     , 2.1349E+003, 8.0106E+005, 3.6042E+006
  2.000     , 4.0616E+005, 7.8948E+005, 5.8358E+002
  2.000     , 7.6412E+005, 7.9288E+005, 4.9472E+009
  2.000     , 8.9153E+005, 7.9408E+005, 3.3470E+009
  2.000     , 4.0351E+005, 7.8261E+005, 3.5901E+002
  1.978     , 7.0030E+005, 7.7890E+005, 6.3470E+005
  2.000     , 1.9458E+006, 8.0452E+005, 1.6414E+010
  1.981     , 4.1102E+005, 7.9292E+005, 1.6320E+002
  1.989     , 7.1355E+005, 7.8920E+005, 6.3796E+005
  2.000     , 7.5985E+005, 7.8798E+005, 7.5272E+005
  2.000     , 7.6746E+005, 7.9366E+005, 1.6240E+009
  2.000     , 4.0231E+005, 7.8224E+005, 6.3636E+002
  2.000     , 1.5225E+004, 7.7286E+005, 7.1320E+005
  2.000     , 3.8702E+005, 7.6182E+005, 9.8574E+003
  2.000     , 1.8703E+003, 7.5248E+005, 1.0667E+006
  2.000     , 3.6539E+005, 7.4160E+005, 1.0148E+003
  2.000     , 6.2294E+004, 7.3345E+005, 2.8328E+009
  2.000     , 1.8833E+004, 7.2083E+005, 6.0000E+008
  2.000     , 1.2323E+002, 7.0812E+005, 1.8242E+005
  2.000     , 3.5748E+005, 6.9796E+005, 1.0618E+002
  2.000     , 3.5659E+002, 6.8947E+005, 7.1443E+006
  2.000     , 3.5118E+005, 6.7959E+005, 5.0146E+001
  1.991     , 6.0909E+005, 6.7648E+005, 5.5016E+005
  1.983     , 6.5233E+005, 6.7549E+005, 6.4432E+005
  1.972     , 6.5674E+005, 6.7485E+005, 6.5967E+005
  1.959     , 6.6020E+005, 6.7427E+005, 6.5835E+005
  1.947     , 6.6409E+005, 6.7378E+005, 6.6465E+005
  1.933     , 6.6564E+005, 6.7336E+005, 6.6749E+005
  1.918     , 6.6625E+005, 6.7296E+005, 6.6872E+005
  1.903     , 6.6625E+005, 6.7258E+005, 6.6924E+005
  1.987     , 6.5020E+005, 6.7206E+005, 6.4128E+005
  2.000     , 1.2423E+006, 6.8714E+005, 7.0451E+010
  1.980     , 3.5167E+005, 6.7739E+005, 2.0742E+001
  1.958     , 6.1128E+005, 6.7441E+005, 5.5329E+005
  2.000     , 6.4338E+005, 6.7346E+005, 6.3243E+005
  2.000     , 3.3096E+005, 6.7286E+005, 1.4524E+009
  1.985     , 3.4451E+005, 6.6332E+005, 2.6184E+002
  1.971     , 5.9549E+005, 6.6039E+005, 5.4043E+005
  1.957     , 6.3574E+005, 6.5949E+005, 6.2949E+005
  1.943     , 6.4051E+005, 6.5891E+005, 6.4289E+005
  1.928     , 6.4527E+005, 6.5840E+005, 6.4329E+005
  1.911     , 6.5091E+005, 6.5800E+005, 6.5098E+005
  1.891     , 6.5086E+005, 6.5766E+005, 6.5620E+005
  1.872     , 6.4863E+005, 6.5729E+005, 6.5317E+005
  1.853     , 6.4799E+005, 6.5690E+005, 6.5166E+005
  1.832     , 6.4803E+005, 6.5651E+005, 6.5179E+005
  1.811     , 6.4844E+005, 6.5614E+005, 6.5185E+005
  1.789     , 6.4746E+005, 6.5577E+005, 6.5306E+005
  1.818     , 6.3946E+005, 6.5531E+005, 6.3606E+005
  2.000     , 1.7670E+006, 6.7954E+005, 1.7033E+009
  1.986     , 3.4965E+005, 6.6997E+005, 1.2034E+003
  1.961     , 6.0439E+005, 6.6705E+005, 5.5140E+005
  1.942     , 6.4604E+005, 6.6619E+005, 6.3881E+005
  1.921     , 6.5346E+005, 6.6567E+005, 6.5600E+005
  1.896     , 6.5145E+005, 6.6520E+005, 6.5894E+005
  1.870     , 6.5029E+005, 6.6469E+005, 6.5453E+005
  1.844     , 6.5456E+005, 6.6420E+005, 6.5524E+005
  1.816     , 6.5670E+005, 6.6379E+005, 6.6207E+005
  1.789     , 6.5675E+005, 6.6340E+005, 6.6170E+005
  1.763     , 6.5581E+005, 6.6299E+005, 6.6174E+005
  1.736     , 6.5939E+005, 6.6261E+005, 6.6070E+005
  1.711     , 6.5595E+005, 6.6226E+005, 6.6645E+005
  1.685     , 6.5457E+005, 6.6183E+005, 6.5822E+005
  1.666     , 6.4887E+005, 6.6138E+005, 6.5845E+005
  1.644     , 6.4651E+005, 6.6085E+005, 6.5064E+005
  1.622     , 6.4480E+005, 6.6031E+005, 6.5124E+005
  1.598     , 6.4405E+005, 6.5974E+005, 6.4898E+005
  1.571     , 6.4475E+005, 6.5919E+005, 6.4987E+005
  1.545     , 6.5066E+005, 6.5869E+005, 6.5072E+005
  1.516     , 6.5006E+005, 6.5827E+005, 6.6004E+005
  1.486     , 6.4371E+005, 6.5778E+005, 6.5533E+005
  1.453     , 6.4552E+005, 6.5723E+005, 6.4907E+005
  1.420     , 6.5042E+005, 6.5676E+005, 6.5496E+005
  1.388     , 6.4905E+005, 6.5633E+005, 6.5945E+005
  1.361     , 6.4433E+005, 6.5584E+005, 6.5394E+005
  1.474     , 6.2239E+005, 6.5508E+005, 6.0181E+005
  2.000     , 1.8634E+005, 6.5207E+005, 1.5788E+008
  1.973     , 3.3353E+005, 6.4276E+005, 1.3122E+003
  1.942     , 5.8038E+005, 6.3985E+005, 5.2478E+005
  1.915     , 6.1847E+005, 6.3896E+005, 6.1822E+005
  1.887     , 6.2062E+005, 6.3833E+005, 6.2590E+005
  1.857     , 6.2667E+005, 6.3776E+005, 6.2559E+005
  1.829     , 6.2325E+005, 6.3726E+005, 6.3502E+005
  1.796     , 6.2787E+005, 6.3673E+005, 6.2579E+005
  1.767     , 6.3064E+005, 6.3631E+005, 6.3738E+005
  1.726     , 6.3062E+005, 6.3591E+005, 6.3890E+005
  1.684     , 6.2916E+005, 6.3550E+005, 6.3856E+005
  1.659     , 6.2538E+005, 6.3503E+005, 6.3141E+005
  1.625     , 6.2559E+005, 6.3456E+005, 6.3261E+005
  1.591     , 6.1920E+005, 6.3404E+005, 6.3213E+005
  1.726     , 5.8918E+005, 6.3316E+005, 5.7441E+005
  1.697     , 6.1861E+005, 6.3234E+005, 6.0472E+005
  1.666     , 6.2377E+005, 6.3189E+005, 6.3503E+005
  1.630     , 6.1897E+005, 6.3138E+005, 6.2856E+005
  1.591     , 6.2037E+005, 6.3085E+005, 6.2580E+005
  1.549     , 6.2499E+005, 6.3039E+005, 6.3060E+005
  1.505     , 6.2889E+005, 6.3000E+005, 6.3638E+005
  1.457     , 6.2823E+005, 6.2965E+005, 6.4079E+005
  1.410     , 6.2627E+005, 6.2926E+005, 6.3775E+005
  1.366     , 6.2445E+005, 6.2884E+005, 6.3608E+005
  1.323     , 6.2055E+005, 6.2838E+005, 6.3419E+005
  1.281     , 6.1744E+005, 6.2785E+005, 6.2914E+005
  1.241     , 6.2173E+005, 6.2733E+005, 6.2657E+005
  1.288     , 6.0685E+005, 6.2672E+005, 6.0257E+005
  2.000     , 4.4057E+006, 6.9626E+005, 7.6350E+010
  1.966     , 3.5601E+005, 6.8624E+005, 6.9200E+001
  1.932     , 6.0564E+005, 6.8297E+005, 5.6084E+005
  1.892     , 6.5046E+005, 6.8169E+005, 6.4056E+005
  1.848     , 6.6956E+005, 6.8093E+005, 6.6825E+005
  1.806     , 6.7119E+005, 6.8035E+005, 6.8280E+005
  1.776     , 6.6793E+005, 6.7973E+005, 6.7380E+005
  1.743     , 6.6926E+005, 6.7911E+005, 6.7497E+005
  1.712     , 6.7280E+005, 6.7853E+005, 6.7573E+005
  1.661     , 6.7698E+005, 6.7804E+005, 6.8727E+005
  1.628     , 6.7079E+005, 6.7752E+005, 6.8231E+005
  2.000     , 5.8771E+005, 6.7617E+005, 5.6306E+005
  2.000     , 6.3408E+004, 6.7029E+005, 1.3107E+008
  1.958     , 3.4615E+005, 6.6061E+005, 5.5546E+002
  1.907     , 6.0183E+005, 6.5760E+005, 5.5070E+005
  2.000     , 6.1210E+005, 6.5638E+005, 6.0578E+005
  1.962     , 6.3221E+005, 6.5534E+005, 6.2520E+005
  1.929     , 6.4089E+005, 6.5459E+005, 6.4487E+005
  1.888     , 6.3866E+005, 6.5389E+005, 6.4966E+005
  1.852     , 6.3257E+005, 6.5312E+005, 6.4245E+005
  1.807     , 6.2106E+005, 6.5223E+005, 6.3966E+005
  1.746     , 6.2836E+005, 6.5126E+005, 6.2829E+005
  1.697     , 6.3496E+005, 6.5047E+005, 6.4257E+005
  1.643     , 6.4140E+005, 6.4980E+005, 6.4724E+005
  1.591     , 6.4173E+005, 6.4921E+005, 6.5495E+005
  1.542     , 6.3872E+005, 6.4859E+005, 6.5052E+005
  1.553     , 6.2959E+005, 6.4787E+005, 6.2928E+005
  1.512     , 6.2287E+005, 6.4709E+005, 6.4269E+005
  1.473     , 6.1816E+005, 6.4616E+005, 6.2579E+005
  1.420     , 6.2748E+005, 6.4531E+005, 6.3185E+005
  1.359     , 6.3593E+005, 6.4464E+005, 6.4644E+005
  1.305     , 6.3035E+005, 6.4401E+005, 6.5056E+005
  1.238     , 6.3076E+005, 6.4331E+005, 6.4588E+005
  1.174     , 6.2841E+005, 6.4262E+005, 6.4884E+005
  1.115     , 6.2705E+005, 6.4188E+005, 6.4317E+005
  1.050     , 6.3262E+005, 6.4119E+005, 6.4722E+005
 0.9900     , 6.3390E+005, 6.4058E+005, 6.5321E+005
 0.9245     , 6.3800E+005, 6.4001E+005, 6.5645E+005
 0.8575     , 6.3910E+005, 6.3950E+005, 6.6362E+005
 0.7844     , 6.3617E+005, 6.3897E+005, 6.6799E+005
 0.7103     , 6.3147E+005, 6.3838E+005, 6.6574E+005
 0.6494     , 6.1726E+005, 6.3763E+005, 6.5522E+005
 0.5869     , 6.1020E+005, 6.3669E+005, 6.4294E+005
 0.5155     , 6.2368E+005, 6.3582E+005, 6.4604E+005
 0.4429     , 6.2864E+005, 6.3516E+005, 6.6876E+005
 0.3692     , 6.2719E+005, 6.3451E+005, 6.7559E+005
 0.3034     , 6.2603E+005, 6.3383E+005, 6.7137E+005
 0.2661     , 6.3097E+005, 6.3316E+005, 6.4949E+005
 0.2317     , 6.3057E+005, 6.3259E+005, 6.5964E+005
 0.2021     , 6.2619E+005, 6.3196E+005, 6.5427E+005
 0.1469     , 6.2848E+005, 6.3135E+005, 6.8031E+005
 0.7515E-001, 6.2615E+005, 6.3073E+005, 7.0798E+005
 0.1000E-004, 6.2862E+005, 6.3011E+005, 7.2207E+005
 0.1000E-004, 6.1273E+005, 6.2930E+005, 6.1775E+005
 0.1000E-004, 6.1636E+005, 6.2845E+005, 6.1179E+005
 0.1000E-004, 6.1285E+005, 6.2762E+005, 6.1652E+005
 0.1000E-004, 6.0572E+005, 6.2670E+005, 6.1206E+005
 0.1000E-004, 6.0508E+005, 6.2571E+005, 6.0459E+005
 0.1000E-004, 6.0507E+005, 6.2472E+005, 6.0471E+005
 0.1000E-004, 6.0781E+005, 6.2377E+005, 6.0469E+005
 0.1000E-004, 5.9691E+005, 6.2278E+005, 6.0776E+005
 0.1000E-004, 6.0165E+005, 6.2172E+005, 5.9525E+005
 0.1000E-004, 5.9838E+005, 6.2070E+005, 6.0194E+005
 0.1000E-004, 5.9430E+005, 6.1964E+005, 5.9753E+005
 0.1000E-004, 6.0233E+005, 6.1863E+005, 5.9348E+005
 0.1000E-004, 6.0131E+005, 6.1771E+005, 6.0293E+005
 0.1000E-004, 5.9737E+005, 6.1677E+005, 6.0073E+005
 0.1000E-004, 5.9544E+005, 6.1578E+005, 5.9657E+005
 0.1000E-004, 5.9781E+005, 6.1482E+005, 5.9489E+005
  2.000     , 1.0744E+008, 2.4428E+006, 3.5166E+010
  1.952     , 1.2639E+006, 2.4125E+006, 1.2955E+004
  1.877     , 2.1926E+006, 2.4006E+006, 2.0197E+006
  1.788     , 2.3313E+006, 2.3963E+006, 2.3776E+006
  1.686     , 2.3643E+006, 2.3930E+006, 2.4172E+006
  1.586     , 2.3794E+006, 2.3902E+006, 2.4517E+006
  1.492     , 2.3796E+006, 2.3875E+006, 2.4572E+006
  1.397     , 2.3718E+006, 2.3848E+006, 2.4619E+006
  1.299     , 2.3714E+006, 2.3819E+006, 2.4603E+006
  1.193     , 2.3769E+006, 2.3792E+006, 2.4830E+006
  1.077     , 2.3657E+006, 2.3764E+006, 2.5095E+006
 0.9532     , 2.3547E+006, 2.3733E+006, 2.5124E+006
 0.8615     , 2.3328E+006, 2.3699E+006, 2.4568E+006
 0.7931     , 2.3126E+006, 2.3661E+006, 2.4153E+006
 0.7058     , 2.3370E+006, 2.3625E+006, 2.4514E+006
 0.6156     , 2.3258E+006, 2.3592E+006, 2.4976E+006
 0.5299     , 2.3111E+006, 2.3555E+006, 2.4772E+006
 0.4468     , 2.3166E+006, 2.3519E+006, 2.4800E+006
 0.3527     , 2.3354E+006, 2.3485E+006, 2.5484E+006
 0.2570     , 2.3237E+006, 2.3453E+006, 2.6059E+006
 0.1671     , 2.3130E+006, 2.3417E+006, 2.6106E+006
 0.9719E-001, 2.2812E+006, 2.3378E+006, 2.5631E+006
 0.2054E-001, 2.3080E+006, 2.3340E+006, 2.6209E+006
 0.1000E-004, 2.2622E+006, 2.3300E+006, 2.3776E+006
 0.1000E-004, 2.2391E+006, 2.3254E+006, 2.2475E+006
 0.1000E-004, 2.2485E+006, 2.3209E+006, 2.2362E+006
 0.1000E-004, 2.2285E+006, 2.3163E+006, 2.2479E+006
 0.1076     , 2.1796E+006, 2.3107E+006, 1.7799E+006
  2.000     , 2.2027E+007, 2.6639E+006, 2.2306E+011
  1.941     , 1.3834E+006, 2.6236E+006, 4.5767E+002
  1.844     , 2.4157E+006, 2.6100E+006, 2.2453E+006
  1.730     , 2.5762E+006, 2.6047E+006, 2.6397E+006
  1.609     , 2.6008E+006, 2.6005E+006, 2.6928E+006
  1.487     , 2.6007E+006, 2.5965E+006, 2.7157E+006
  1.398     , 2.5895E+006, 2.5922E+006, 2.6677E+006
  1.274     , 2.5938E+006, 2.5881E+006, 2.7360E+006
  1.147     , 2.5902E+006, 2.5839E+006, 2.7322E+006
  1.022     , 2.5752E+006, 2.5796E+006, 2.7466E+006
 0.9245     , 2.5287E+006, 2.5747E+006, 2.6866E+006
 0.8314     , 2.5287E+006, 2.5694E+006, 2.6511E+006
 0.7308     , 2.5411E+006, 2.5645E+006, 2.6992E+006
 0.6314     , 2.5391E+006, 2.5598E+006, 2.7211E+006
 0.5275     , 2.5512E+006, 2.5552E+006, 2.7524E+006
 0.4220     , 2.5287E+006, 2.5507E+006, 2.8037E+006
 0.3234     , 2.5105E+006, 2.5458E+006, 2.7836E+006
 0.2282     , 2.5002E+006, 2.5407E+006, 2.8059E+006
 0.1267     , 2.5182E+006, 2.5358E+006, 2.8888E+006
 0.2355E-001, 2.5452E+006, 2.5314E+006, 3.0192E+006
 0.1000E-004, 2.4630E+006, 2.5262E+006, 2.6221E+006
 0.1000E-004, 2.4286E+006, 2.5203E+006, 2.4428E+006
 0.1000E-004, 2.4483E+006, 2.5144E+006, 2.4244E+006
 0.1000E-004, 2.4427E+006, 2.5088E+006, 2.4486E+006
 0.1000E-004, 2.4338E+006, 2.5030E+006, 2.4396E+006
 0.1000E-004, 2.4245E+006, 2.4971E+006, 2.4306E+006
 0.1000E-004, 2.4029E+006, 2.4910E+006, 2.4212E+006
 0.1000E-004, 2.3929E+006, 2.4847E+006, 2.3981E+006
 0.1000E-004, 2.4006E+006, 2.4784E+006, 2.3896E+006
 0.1000E-004, 2.3986E+006, 2.4721E+006, 2.3992E+006
 0.1000E-004, 2.3841E+006, 2.4658E+006, 2.3959E+006
 0.1000E-004, 2.3701E+006, 2.4591E+006, 2.3799E+006
 0.1000E-004, 2.3524E+006, 2.4523E+006, 2.3661E+006
 0.1000E-004, 2.3486E+006, 2.4453E+006, 2.3479E+006
 0.1000E-004, 2.3347E+006, 2.4385E+006, 2.3458E+006
 0.1000E-004, 2.3477E+006, 2.4318E+006, 2.3305E+006
 0.1000E-004, 2.3315E+006, 2.4253E+006, 2.3468E+006
 0.1000E-004, 2.3305E+006, 2.4188E+006, 2.3271E+006
 0.1000E-004, 2.3372E+006, 2.4126E+006, 2.3282E+006
 0.1000E-004, 2.3218E+006, 2.4066E+006, 2.3356E+006
 0.1000E-004, 2.3200E+006, 2.4006E+006, 2.3176E+006
 0.1000E-004, 2.3166E+006, 2.3947E+006, 2.3177E+006
 0.1000E-004, 2.3111E+006, 2.3888E+006, 2.3140E+006
 0.1000E-004, 2.2920E+006, 2.3829E+006, 2.3082E+006
 0.1000E-004, 2.2939E+006, 2.3770E+006, 2.2876E+006
 0.1000E-004, 2.2809E+006, 2.3712E+006, 2.2922E+006
 0.1000E-004, 2.2919E+006, 2.3655E+006, 2.2772E+006
 0.1000E-004, 2.2868E+006, 2.3600E+006, 2.2912E+006
 0.1000E-004, 2.2774E+006, 2.3545E+006, 2.2839E+006
 0.1000E-004, 2.2761E+006, 2.3490E+006, 2.2743E+006
 0.1000E-004, 2.2586E+006, 2.3436E+006, 2.2740E+006
 0.1000E-004, 2.2558E+006, 2.3379E+006, 2.2545E+006
 0.1000E-004, 2.2571E+006, 2.3324E+006, 2.2536E+006
 0.1000E-004, 2.2467E+006, 2.3269E+006, 2.2551E+006
 0.1000E-004, 2.2715E+006, 2.3216E+006, 2.2433E+006
 0.1000E-004, 2.2607E+006, 2.3165E+006, 2.2726E+006
 0.1000E-004, 2.2200E+006, 2.3111E+006, 2.2571E+006
 0.1000E-004, 2.2179E+006, 2.3054E+006, 2.2134E+006
 0.1000E-004, 2.2203E+006, 2.2998E+006, 2.2160E+006
 0.1000E-004, 2.2111E+006, 2.2944E+006, 2.2185E+006
 0.1000E-004, 2.1935E+006, 2.2888E+006, 2.2080E+006
 0.1000E-004, 2.1975E+006, 2.2833E+006, 2.1895E+006
 0.1000E-004, 2.2080E+006, 2.2781E+006, 2.1961E+006
 0.1000E-004, 2.2028E+006, 2.2731E+006, 2.2071E+006
 0.1000E-004, 2.1875E+006, 2.2681E+006, 2.2001E+006
 0.1000E-004, 2.1859E+006, 2.2629E+006, 2.1838E+006
 0.1000E-004, 2.2042E+006, 2.2581E+006, 2.1840E+006
 0.1000E-004, 2.1689E+006, 2.2532E+006, 2.2045E+006
 0.1000E-004, 2.1635E+006, 2.2479E+006, 2.1628E+006
 0.9727E-001, 2.1323E+006, 2.2422E+006, 1.7633E+006
 0.2720E-001, 2.1940E+006, 2.2377E+006, 2.5158E+006
 0.1000E-004, 2.1667E+006, 2.2329E+006, 2.2897E+006
 0.1000E-004, 2.1475E+006, 2.2279E+006, 2.1509E+006
 0.1000E-004, 2.1675E+006, 2.2231E+006, 2.1449E+006
 0.1000E-004, 2.1795E+006, 2.2186E+006, 2.1680E+006
 0.1000E-004, 2.1608E+006, 2.2141E+006, 2.1789E+006
 0.1000E-004, 2.1458E+006, 2.2093E+006, 2.1568E+006
 0.1000E-004, 2.1323E+006, 2.2043E+006, 2.1425E+006
 0.1000E-004, 2.1128E+006, 2.1991E+006, 2.1290E+006
 0.1000E-004, 2.1180E+006, 2.1939E+006, 2.1087E+006
 0.1000E-004, 2.1256E+006, 2.1889E+006, 2.1168E+006
 0.1000E-004, 2.1132E+006, 2.1839E+006, 2.1245E+006
 0.1000E-004, 2.1015E+006, 2.1789E+006, 2.1098E+006
 0.1000E-004, 2.1119E+006, 2.1740E+006, 2.0984E+006
 0.1000E-004, 2.0916E+006, 2.1692E+006, 2.1114E+006
 0.1000E-004, 2.0663E+006, 2.1641E+006, 2.0872E+006
 0.1000E-004, 2.1037E+006, 2.1593E+006, 2.0618E+006
 0.1000E-004, 2.0694E+006, 2.1547E+006, 2.1066E+006
 0.2421     , 1.9477E+006, 2.1482E+006, 1.3211E+006
  2.000     , 5.8344E+004, 2.1263E+006, 5.7477E+006
  1.935     , 1.1057E+006, 2.0941E+006, 2.3094E+004
  1.880     , 1.8811E+006, 2.0828E+006, 1.7422E+006
  1.832     , 1.9960E+006, 2.0775E+006, 1.9966E+006
  1.784     , 2.0011E+006, 2.0733E+006, 2.0379E+006
  1.730     , 2.0073E+006, 2.0691E+006, 2.0300E+006
  1.671     , 2.0184E+006, 2.0653E+006, 2.0502E+006
  1.617     , 2.0101E+006, 2.0616E+006, 2.0546E+006
  1.561     , 2.0150E+006, 2.0580E+006, 2.0419E+006
  1.511     , 2.0192E+006, 2.0546E+006, 2.0528E+006
  1.458     , 2.0136E+006, 2.0512E+006, 2.0581E+006
  1.412     , 1.9299E+006, 2.0474E+006, 2.0408E+006
  1.358     , 1.9103E+006, 2.0424E+006, 1.9350E+006
  1.299     , 1.9845E+006, 2.0381E+006, 1.9623E+006
  1.238     , 2.0386E+006, 2.0352E+006, 2.0666E+006
  1.181     , 2.0204E+006, 2.0327E+006, 2.0976E+006
  1.128     , 1.9902E+006, 2.0297E+006, 2.0532E+006
  1.084     , 1.9789E+006, 2.0265E+006, 2.0208E+006
  1.035     , 1.9945E+006, 2.0235E+006, 2.0262E+006
 0.9861     , 2.0069E+006, 2.0209E+006, 2.0493E+006
 0.9394     , 1.9975E+006, 2.0184E+006, 2.0575E+006
 0.8933     , 1.9685E+006, 2.0156E+006, 2.0427E+006
 0.8443     , 1.9634E+006, 2.0126E+006, 2.0152E+006
 0.7941     , 1.9552E+006, 2.0097E+006, 2.0239E+006
 0.7436     , 1.9824E+006, 2.0069E+006, 2.0141E+006
 0.6905     , 1.9832E+006, 2.0045E+006, 2.0643E+006
 0.6359     , 1.9904E+006, 2.0022E+006, 2.0569E+006
 0.5809     , 1.9882E+006, 2.0000E+006, 2.0765E+006
 0.5269     , 1.9789E+006, 1.9978E+006, 2.0726E+006
 0.4734     , 1.9897E+006, 1.9956E+006, 2.0682E+006
 0.4204     , 1.9953E+006, 1.9936E+006, 2.0915E+006
 0.3691     , 1.9874E+006, 1.9916E+006, 2.0974E+006
 0.3215     , 1.9784E+006, 1.9895E+006, 2.0861E+006
 0.2739     , 1.9950E+006, 1.9875E+006, 2.0869E+006
 0.2238     , 1.9821E+006, 1.9857E+006, 2.1270E+006
 0.1797     , 1.9376E+006, 1.9833E+006, 2.0962E+006
 0.1560     , 1.9240E+006, 1.9804E+006, 1.9877E+006
 0.1302     , 1.9462E+006, 1.9777E+006, 2.0006E+006
 0.9481E-001, 1.9474E+006, 1.9754E+006, 2.0674E+006
 0.5449E-001, 1.9568E+006, 1.9732E+006, 2.0898E+006
 0.1067E-001, 1.9734E+006, 1.9713E+006, 2.1311E+006
 0.1000E-004, 1.9433E+006, 1.9692E+006, 2.0024E+006
 0.1000E-004, 1.8595E+006, 1.9663E+006, 1.9356E+006
 0.1000E-004, 1.8110E+006, 1.9622E+006, 1.8497E+006
 0.1000E-004, 1.8936E+006, 1.9585E+006, 1.8051E+006
 0.1000E-004, 1.9221E+006, 1.9560E+006, 1.9024E+006
 0.1000E-004, 1.9146E+006, 1.9537E+006, 1.9234E+006
 0.1000E-004, 1.9239E+006, 1.9514E+006, 1.9126E+006
 0.1000E-004, 1.9251E+006, 1.9493E+006, 1.9243E+006
 0.1000E-004, 1.9109E+006, 1.9471E+006, 1.9243E+006
 0.1000E-004, 1.9188E+006, 1.9449E+006, 1.9084E+006
 0.1000E-004, 1.9119E+006, 1.9427E+006, 1.9191E+006
 0.1000E-004, 1.8901E+006, 1.9404E+006, 1.9101E+006
 0.1000E-004, 1.8922E+006, 1.9378E+006, 1.8868E+006
 0.1000E-004, 1.8768E+006, 1.9353E+006, 1.8917E+006
 0.1000E-004, 1.8838E+006, 1.9327E+006, 1.8740E+006
 0.1000E-004, 1.9059E+006, 1.9305E+006, 1.8839E+006
 0.1000E-004, 1.8830E+006, 1.9283E+006, 1.9075E+006
 0.1905     , 1.7899E+006, 1.9247E+006, 1.3030E+006
  2.000     , 1.9387E+006, 1.9392E+006, 1.6458E+011
  2.000     , 4.0395E+004, 1.9052E+006, 8.7482E+008
  1.975     , 9.5027E+005, 1.8773E+006, 1.5032E+002
  1.951     , 1.6597E+006, 1.8677E+006, 1.4779E+006
  1.926     , 1.8082E+006, 1.8644E+006, 1.7785E+006
  1.902     , 1.8378E+006, 1.8624E+006, 1.8432E+006
  1.875     , 1.8384E+006, 1.8607E+006, 1.8559E+006
  1.846     , 1.8305E+006, 1.8590E+006, 1.8516E+006
  1.814     , 1.8332E+006, 1.8572E+006, 1.8446E+006
  1.784     , 1.8367E+006, 1.8556E+006, 1.8509E+006
  1.755     , 1.8291E+006, 1.8539E+006, 1.8530E+006
  1.725     , 1.8278E+006, 1.8522E+006, 1.8411E+006
  1.696     , 1.8201E+006, 1.8505E+006, 1.8451E+006
  1.674     , 1.8214E+006, 1.8487E+006, 1.8262E+006
  1.657     , 1.8070E+006, 1.8470E+006, 1.8332E+006
  1.640     , 1.8069E+006, 1.8451E+006, 1.8077E+006
  1.801     , 1.7320E+006, 1.8425E+006, 1.6762E+006
  2.000     , 9.4306E+005, 1.8409E+006, 1.1099E+011
  1.987     , 9.3686E+005, 1.8143E+006, 2.6703E+001
  1.972     , 1.6244E+006, 1.8058E+006, 1.4675E+006
  1.955     , 1.7501E+006, 1.8031E+006, 1.7238E+006
  1.937     , 1.7754E+006, 1.8015E+006, 1.7774E+006
  1.918     , 1.7806E+006, 1.8002E+006, 1.7887E+006
  1.898     , 1.7687E+006, 1.7989E+006, 1.7908E+006
  1.877     , 1.7708E+006, 1.7975E+006, 1.7720E+006
  1.856     , 1.7748E+006, 1.7962E+006, 1.7866E+006
  1.832     , 1.7739E+006, 1.7950E+006, 1.7864E+006
  1.808     , 1.7740E+006, 1.7938E+006, 1.7858E+006
  1.787     , 1.7724E+006, 1.7926E+006, 1.7837E+006
  1.765     , 1.7424E+006, 1.7912E+006, 1.7842E+006
  1.743     , 1.7341E+006, 1.7894E+006, 1.7371E+006
  1.720     , 1.7434E+006, 1.7878E+006, 1.7508E+006
  1.695     , 1.7517E+006, 1.7863E+006, 1.7595E+006
  1.671     , 1.7685E+006, 1.7850E+006, 1.7676E+006
  1.646     , 1.7620E+006, 1.7840E+006, 1.7902E+006
  1.623     , 1.7606E+006, 1.7827E+006, 1.7661E+006
  1.600     , 1.7626E+006, 1.7816E+006, 1.7771E+006
  1.577     , 1.7666E+006, 1.7805E+006, 1.7756E+006
  1.553     , 1.7473E+006, 1.7794E+006, 1.7834E+006
  1.528     , 1.7461E+006, 1.7780E+006, 1.7505E+006
  1.503     , 1.7582E+006, 1.7768E+006, 1.7663E+006
  1.481     , 1.7583E+006, 1.7758E+006, 1.7739E+006
  1.458     , 1.7573E+006, 1.7747E+006, 1.7722E+006
  1.432     , 1.7577E+006, 1.7737E+006, 1.7737E+006
  1.405     , 1.7561E+006, 1.7726E+006, 1.7760E+006
  1.378     , 1.7357E+006, 1.7715E+006, 1.7720E+006
  1.353     , 1.7361E+006, 1.7700E+006, 1.7425E+006
  1.324     , 1.7490E+006, 1.7688E+006, 1.7614E+006
  1.298     , 1.7467E+006, 1.7677E+006, 1.7697E+006
  1.272     , 1.7483E+006, 1.7665E+006, 1.7621E+006
  1.245     , 1.7461E+006, 1.7654E+006, 1.7693E+006
  1.217     , 1.7399E+006, 1.7642E+006, 1.7652E+006
  1.198     , 1.7235E+006, 1.7628E+006, 1.7486E+006
  1.173     , 1.7120E+006, 1.7611E+006, 1.7389E+006
  1.146     , 1.7121E+006, 1.7594E+006, 1.7293E+006
  1.118     , 1.7149E+006, 1.7578E+006, 1.7352E+006
  1.089     , 1.7237E+006, 1.7562E+006, 1.7387E+006
  1.060     , 1.7338E+006, 1.7549E+006, 1.7500E+006
  1.031     , 1.7360E+006, 1.7537E+006, 1.7614E+006
  1.002     , 1.7348E+006, 1.7525E+006, 1.7608E+006
 0.9718     , 1.7333E+006, 1.7513E+006, 1.7610E+006
 0.9427     , 1.7347E+006, 1.7501E+006, 1.7586E+006
 0.9130     , 1.7271E+006, 1.7489E+006, 1.7634E+006
 0.8823     , 1.7131E+006, 1.7475E+006, 1.7531E+006
 0.8511     , 1.7109E+006, 1.7460E+006, 1.7394E+006
 0.8152     , 1.7173E+006, 1.7446E+006, 1.7492E+006
 0.7818     , 1.7218E+006, 1.7432E+006, 1.7526E+006
 0.7492     , 1.7257E+006, 1.7420E+006, 1.7580E+006
 0.7158     , 1.7279E+006, 1.7408E+006, 1.7645E+006
 0.6921     , 1.7206E+006, 1.7396E+006, 1.7518E+006
 0.7257     , 1.6823E+006, 1.7379E+006, 1.6607E+006
  2.000     , 2.0808E+007, 2.0775E+006, 1.8715E+010
  2.000     , 3.7819E+006, 2.1060E+006, 5.2070E+010
  1.975     , 1.0814E+006, 2.0758E+006, 2.6243E+002
  1.950     , 1.8677E+006, 2.0663E+006, 1.7042E+006
  1.928     , 2.0054E+006, 2.0632E+006, 1.9759E+006
  1.902     , 2.0343E+006, 2.0614E+006, 2.0435E+006
  1.877     , 2.0342E+006, 2.0599E+006, 2.0514E+006
  2.000     , 1.9550E+006, 2.0575E+006, 1.9218E+006
  2.000     , 1.9020E+006, 2.0544E+006, 1.9731E+006
  2.000     , 1.1373E+004, 2.0344E+006, 1.8440E+008
  2.000     , 5.6565E+001, 1.9984E+006, 1.3535E+007
  2.000     , 8.4804E+001, 1.9631E+006, 1.1319E+001
  1.968     , 1.0092E+006, 1.9349E+006, 8.5158E+001
  1.934     , 1.7494E+006, 1.9262E+006, 1.5957E+006
  1.904     , 1.8766E+006, 1.9234E+006, 1.8571E+006
  1.867     , 1.8888E+006, 1.9217E+006, 1.9177E+006
  1.859     , 1.8668E+006, 1.9198E+006, 1.8792E+006
  2.000     , 1.4786E+006, 1.9270E+006, 1.3676E+009
  1.967     , 9.9201E+005, 1.8993E+006, 3.5777E+003
  1.934     , 1.7186E+006, 1.8907E+006, 1.5646E+006
  1.903     , 1.8337E+006, 1.8879E+006, 1.8278E+006
  1.873     , 1.8401E+006, 1.8859E+006, 1.8608E+006
  1.834     , 1.8428E+006, 1.8840E+006, 1.8595E+006
  1.796     , 1.8491E+006, 1.8822E+006, 1.8650E+006
  1.758     , 1.8621E+006, 1.8806E+006, 1.8721E+006
  1.717     , 1.8777E+006, 1.8793E+006, 1.8912E+006
  1.677     , 1.8748E+006, 1.8781E+006, 1.9062E+006
  1.712     , 1.8167E+006, 1.8764E+006, 1.8271E+006
  2.000     , 2.6249E+006, 1.9033E+006, 6.7468E+008
  2.000     , 8.5260E+005, 1.8755E+006, 1.2516E+004
  2.000     , 7.7214E+001, 1.8511E+006, 1.3208E+006
  2.000     , 9.3364E+005, 1.8243E+006, 5.4026E+001
  2.000     , 7.9241E+004, 1.8030E+006, 7.0510E+006
  2.000     , 1.0593E+005, 1.7730E+006, 3.3713E+009
  2.000     , 8.9537E+005, 1.7474E+006, 9.4509E+001
  2.000     , 2.4557E+005, 1.7300E+006, 1.0160E+010
  1.963     , 8.8293E+005, 1.7050E+006, 7.2074E+001
  1.920     , 1.5500E+006, 1.6971E+006, 1.3950E+006
  1.880     , 1.6700E+006, 1.6947E+006, 1.6641E+006
  1.969     , 1.6245E+006, 1.6928E+006, 1.6112E+006
  1.930     , 1.6163E+006, 1.6905E+006, 1.6577E+006
  1.891     , 1.6218E+006, 1.6880E+006, 1.6204E+006
  1.845     , 1.6520E+006, 1.6860E+006, 1.6551E+006
  1.805     , 1.6645E+006, 1.6844E+006, 1.6794E+006
  1.756     , 1.6613E+006, 1.6830E+006, 1.6932E+006
  1.709     , 1.6608E+006, 1.6814E+006, 1.6801E+006
  1.669     , 1.6461E+006, 1.6799E+006, 1.6816E+006
  1.627     , 1.6311E+006, 1.6780E+006, 1.6603E+006
  1.581     , 1.6458E+006, 1.6762E+006, 1.6527E+006
  1.532     , 1.6552E+006, 1.6747E+006, 1.6836E+006
  1.485     , 1.6550E+006, 1.6732E+006, 1.6807E+006
  1.436     , 1.6531E+006, 1.6717E+006, 1.6849E+006
  1.387     , 1.6494E+006, 1.6702E+006, 1.6821E+006
  1.334     , 1.6621E+006, 1.6688E+006, 1.6827E+006
  1.325     , 1.6312E+006, 1.6673E+006, 1.6606E+006
  1.430     , 1.5651E+006, 1.6648E+006, 1.5257E+006
  2.000     , 6.0487E+004, 1.6496E+006, 7.7473E+007
  1.971     , 8.4314E+005, 1.6257E+006, 2.1358E+003
  2.000     , 1.3367E+006, 1.6172E+006, 1.2934E+006
  2.000     , 9.5014E+002, 1.5999E+006, 2.4180E+006
  2.000     , 7.9507E+005, 1.5765E+006, 5.0034E+002
  2.000     , 1.3837E+004, 1.5572E+006, 9.8303E+007
  2.000     , 8.2675E+003, 1.5296E+006, 1.7353E+008
  1.962     , 7.8380E+005, 1.5074E+006, 1.2383E+002
  1.961     , 1.3490E+006, 1.5003E+006, 1.2188E+006
  1.916     , 1.4532E+006, 1.4979E+006, 1.4481E+006
  1.862     , 1.4635E+006, 1.4962E+006, 1.4900E+006
  1.796     , 1.4771E+006, 1.4948E+006, 1.4915E+006
  1.733     , 1.4913E+006, 1.4936E+006, 1.5117E+006
  1.676     , 1.4869E+006, 1.4925E+006, 1.5202E+006
  1.616     , 1.4899E+006, 1.4914E+006, 1.5122E+006
  1.555     , 1.4859E+006, 1.4903E+006, 1.5236E+006
  1.496     , 1.4745E+006, 1.4891E+006, 1.5117E+006
  1.439     , 1.4634E+006, 1.4876E+006, 1.5002E+006
  1.374     , 1.4752E+006, 1.4862E+006, 1.4980E+006
  1.312     , 1.4791E+006, 1.4850E+006, 1.5156E+006
  1.248     , 1.4633E+006, 1.4837E+006, 1.5184E+006
  1.180     , 1.4648E+006, 1.4822E+006, 1.4986E+006
  1.117     , 1.4635E+006, 1.4808E+006, 1.5093E+006
  1.055     , 1.4586E+006, 1.4793E+006, 1.5037E+006
 0.9899     , 1.4609E+006, 1.4778E+006, 1.5064E+006
 0.9374     , 1.4469E+006, 1.4762E+006, 1.4980E+006
 0.8918     , 1.4404E+006, 1.4745E+006, 1.4765E+006
 0.8391     , 1.4554E+006, 1.4728E+006, 1.4859E+006
 0.7895     , 1.4512E+006, 1.4714E+006, 1.5027E+006
  1.177     , 1.3008E+006, 1.4681E+006, 1.0875E+006
  2.000     , 1.7044E+004, 1.4536E+006, 5.2568E+008
  1.972     , 7.4516E+005, 1.4323E+006, 8.0563E+001
  1.918     , 1.2896E+006, 1.4255E+006, 1.1876E+006
  1.850     , 1.3728E+006, 1.4230E+006, 1.3848E+006
  1.765     , 1.3985E+006, 1.4212E+006, 1.4191E+006
  1.687     , 1.4137E+006, 1.4197E+006, 1.4379E+006
  1.609     , 1.4080E+006, 1.4184E+006, 1.4544E+006
  1.544     , 1.3905E+006, 1.4168E+006, 1.4295E+006
  1.482     , 1.3882E+006, 1.4150E+006, 1.4152E+006
  1.505     , 1.3598E+006, 1.4130E+006, 1.3585E+006
  2.000     , 2.1622E+006, 1.4361E+006, 3.1296E+009
  1.936     , 7.4100E+005, 1.4150E+006, 1.7284E+003
  1.896     , 1.2724E+006, 1.4081E+006, 1.1681E+006
  1.848     , 1.3611E+006, 1.4055E+006, 1.3569E+006
  1.790     , 1.3734E+006, 1.4037E+006, 1.3986E+006
  1.723     , 1.3589E+006, 1.4018E+006, 1.4014E+006
  1.641     , 1.3668E+006, 1.3999E+006, 1.3896E+006
  1.548     , 1.3843E+006, 1.3982E+006, 1.4184E+006
  1.451     , 1.3931E+006, 1.3968E+006, 1.4377E+006
  1.358     , 1.3975E+006, 1.3954E+006, 1.4421E+006
  1.271     , 1.3858E+006, 1.3941E+006, 1.4468E+006
  1.195     , 1.3671E+006, 1.3924E+006, 1.4212E+006
  1.127     , 1.3625E+006, 1.3906E+006, 1.4023E+006
  1.075     , 1.3563E+006, 1.3887E+006, 1.3921E+006
  1.031     , 1.3599E+006, 1.3868E+006, 1.3812E+006
 0.9541     , 1.3744E+006, 1.3852E+006, 1.4259E+006
 0.8660     , 1.3789E+006, 1.3837E+006, 1.4463E+006
 0.7705     , 1.3737E+006, 1.3822E+006, 1.4617E+006
 0.6771     , 1.3739E+006, 1.3806E+006, 1.4571E+006
 0.5793     , 1.3741E+006, 1.3790E+006, 1.4779E+006
 0.4802     , 1.3673E+006, 1.3774E+006, 1.4901E+006
 0.3929     , 1.3570E+006, 1.3755E+006, 1.4770E+006
 0.3132     , 1.3437E+006, 1.3735E+006, 1.4710E+006
 0.2294     , 1.3578E+006, 1.3715E+006, 1.4843E+006
 0.1521     , 1.3499E+006, 1.3696E+006, 1.5109E+006
 0.6807E-001, 1.3662E+006, 1.3678E+006, 1.5470E+006
 0.1000E-004, 1.3738E+006, 1.3662E+006, 1.5532E+006
 0.1000E-004, 1.3243E+006, 1.3642E+006, 1.3525E+006
 0.1000E-004, 1.3294E+006, 1.3619E+006, 1.3201E+006
 0.1000E-004, 1.3289E+006, 1.3596E+006, 1.3294E+006
 0.1000E-004, 1.3217E+006, 1.3573E+006, 1.3279E+006
 0.1000E-004, 1.3163E+006, 1.3549E+006, 1.3200E+006
 0.1000E-004, 1.3153E+006, 1.3525E+006, 1.3148E+006
 0.1000E-004, 1.2955E+006, 1.3498E+006, 1.3142E+006
 0.1000E-004, 1.3072E+006, 1.3471E+006, 1.2923E+006
 0.1000E-004, 1.3027E+006, 1.3444E+006, 1.3077E+006
 0.1000E-004, 1.2913E+006, 1.3416E+006, 1.3009E+006
 0.1000E-004, 1.2824E+006, 1.3386E+006, 1.2889E+006
 0.1000E-004, 1.2956E+006, 1.3357E+006, 1.2804E+006
 0.1000E-004, 1.2982E+006, 1.3331E+006, 1.2961E+006
 0.1000E-004, 1.2818E+006, 1.3304E+006, 1.2973E+006
 0.1000E-004, 1.2685E+006, 1.3274E+006, 1.2789E+006
 0.1000E-004, 1.2783E+006, 1.3245E+006, 1.2661E+006
 0.1000E-004, 1.2792E+006, 1.3218E+006, 1.2785E+006
 0.1000E-004, 1.2745E+006, 1.3190E+006, 1.2780E+006
 0.1000E-004, 1.2742E+006, 1.3162E+006, 1.2729E+006
 0.1000E-004, 1.2714E+006, 1.3134E+006, 1.2732E+006
 0.1000E-004, 1.2686E+006, 1.3106E+006, 1.2700E+006
 0.1000E-004, 1.2667E+006, 1.3078E+006, 1.2673E+006
 0.1000E-004, 1.2536E+006, 1.3049E+006, 1.2654E+006
 0.1000E-004, 1.2447E+006, 1.3019E+006, 1.2510E+006
 0.1000E-004, 1.2477E+006, 1.2989E+006, 1.2427E+006
 0.1000E-004, 1.2480E+006, 1.2960E+006, 1.2470E+006
 0.1000E-004, 1.2534E+006, 1.2931E+006, 1.2468E+006
 0.1000E-004, 1.2623E+006, 1.2905E+006, 1.2529E+006
 0.1000E-004, 1.2511E+006, 1.2878E+006, 1.2623E+006
 0.1000E-004, 1.2389E+006, 1.2849E+006, 1.2486E+006
 0.1000E-004, 1.2331E+006, 1.2819E+006, 1.2365E+006
 0.1000E-004, 1.2322E+006, 1.2788E+006, 1.2314E+006
 0.1000E-004, 1.2297E+006, 1.2758E+006, 1.2310E+006
 0.1000E-004, 1.2332E+006, 1.2728E+006, 1.2283E+006
 0.1000E-004, 1.2280E+006, 1.2699E+006, 1.2325E+006
 0.1000E-004, 1.2274E+006, 1.2670E+006, 1.2262E+006
 0.1000E-004, 1.2494E+006, 1.2643E+006, 1.2263E+006
 0.1000E-004, 1.2214E+006, 1.2616E+006, 1.2510E+006
 0.1000E-004, 1.2162E+006, 1.2587E+006, 1.2169E+006
 0.1000E-004, 1.2143E+006, 1.2559E+006, 1.2149E+006
 0.1000E-004, 1.2202E+006, 1.2531E+006, 1.2130E+006
 0.1000E-004, 1.2182E+006, 1.2503E+006, 1.2198E+006
 0.1000E-004, 1.2048E+006, 1.2475E+006, 1.2169E+006
 0.1000E-004, 1.2037E+006, 1.2445E+006, 1.2022E+006
 0.1000E-004, 1.2083E+006, 1.2416E+006, 1.2026E+006
 0.1000E-004, 1.1946E+006, 1.2386E+006, 1.2077E+006
 0.1000E-004, 1.1895E+006, 1.2354E+006, 1.1919E+006
 0.1000E-004, 1.1948E+006, 1.2324E+006, 1.1878E+006
 0.1000E-004, 1.1886E+006, 1.2293E+006, 1.1943E+006
 0.1000E-004, 1.1806E+006, 1.2262E+006, 1.1867E+006
 0.1000E-004, 1.1776E+006, 1.2230E+006, 1.1786E+006
 0.1480E-001, 1.1768E+006, 1.2198E+006, 1.1371E+006
 0.1000E-004, 1.1846E+006, 1.2168E+006, 1.2206E+006
 0.1000E-004, 1.1842E+006, 1.2139E+006, 1.1793E+006
 0.1000E-004, 1.1766E+006, 1.2109E+006, 1.1834E+006
 0.1000E-004, 1.1688E+006, 1.2078E+006, 1.1745E+006
 0.1000E-004, 1.1630E+006, 1.2046E+006, 1.1669E+006
 0.1000E-004, 1.1677E+006, 1.2015E+006, 1.1612E+006
 0.1000E-004, 1.1696E+006, 1.1985E+006, 1.1672E+006
 0.1000E-004, 1.1584E+006, 1.1954E+006, 1.1686E+006
 0.1000E-004, 1.1548E+006, 1.1923E+006, 1.1559E+006
 0.1000E-004, 1.1433E+006, 1.1891E+006, 1.1533E+006
 0.1000E-004, 1.1432E+006, 1.1858E+006, 1.1408E+006
 0.1000E-004, 1.1462E+006, 1.1827E+006, 1.1421E+006
 0.1000E-004, 1.1303E+006, 1.1795E+006, 1.1454E+006
 0.1000E-004, 1.1460E+006, 1.1763E+006, 1.1272E+006
 0.1000E-004, 1.1377E+006, 1.1733E+006, 1.1468E+006
 0.1000E-004, 1.1272E+006, 1.1701E+006, 1.1353E+006
 0.1000E-004, 1.1252E+006, 1.1670E+006, 1.1250E+006
 0.1000E-004, 1.1288E+006, 1.1639E+006, 1.1239E+006
 0.1000E-004, 1.1217E+006, 1.1608E+006, 1.1281E+006
 0.1000E-004, 1.1117E+006, 1.1576E+006, 1.1196E+006
 0.1000E-004, 1.1060E+006, 1.1545E+006, 1.1095E+006
 0.1000E-004, 1.1063E+006, 1.1513E+006, 1.1043E+006
 0.1000E-004, 1.1093E+006, 1.1483E+006, 1.1052E+006
 0.1000E-004, 1.1092E+006, 1.1454E+006, 1.1085E+006
 0.1000E-004, 1.1094E+006, 1.1426E+006, 1.1080E+006
 0.1000E-004, 1.1013E+006, 1.1397E+006, 1.1083E+006
 0.1000E-004, 1.0942E+006, 1.1369E+006, 1.0993E+006
 0.1000E-004, 1.0877E+006, 1.1339E+006, 1.0923E+006
 0.1000E-004, 1.0912E+006, 1.1310E+006, 1.0860E+006
 0.1000E-004, 1.0792E+006, 1.1281E+006, 1.0906E+006
 0.1000E-004, 1.0884E+006, 1.1252E+006, 1.0766E+006
 0.1000E-004, 1.0816E+006, 1.1224E+006, 1.0885E+006
 0.1000E-004, 1.0796E+006, 1.1196E+006, 1.0796E+006
 0.1000E-004, 1.0794E+006, 1.1169E+006, 1.0784E+006
 0.1000E-004, 1.0759E+006, 1.1142E+006, 1.0784E+006
 0.1000E-004, 1.0712E+006, 1.1115E+006, 1.0744E+006
 0.1000E-004, 1.0715E+006, 1.1089E+006, 1.0697E+006
 0.1000E-004, 1.0603E+006, 1.1062E+006, 1.0705E+006
 0.1000E-004, 1.0717E+006, 1.1036E+006, 1.0580E+006
 0.1000E-004, 1.0714E+006, 1.1011E+006, 1.0722E+006
 0.1000E-004, 1.0579E+006, 1.0986E+006, 1.0703E+006
 0.1000E-004, 1.0667E+006, 1.0961E+006, 1.0554E+006
 0.1000E-004, 1.0602E+006, 1.0937E+006, 1.0669E+006
 0.1000E-004, 1.0611E+006, 1.0913E+006, 1.0584E+006
 0.1000E-004, 1.0577E+006, 1.0889E+006, 1.0604E+006
 0.1000E-004, 1.0542E+006, 1.0865E+006, 1.0564E+006
 0.1000E-004, 1.0445E+006, 1.0841E+006, 1.0529E+006
 0.1000E-004, 1.0543E+006, 1.0817E+006, 1.0425E+006
 0.1000E-004, 1.0585E+006, 1.0795E+006, 1.0547E+006
 0.1000E-004, 1.0557E+006, 1.0773E+006, 1.0580E+006
 0.1000E-004, 1.0522E+006, 1.0751E+006, 1.0545E+006
 0.1000E-004, 1.0445E+006, 1.0729E+006, 1.0510E+006
 0.1000E-004, 1.0447E+006, 1.0706E+006, 1.0428E+006
 0.1000E-004, 1.0348E+006, 1.0682E+006, 1.0439E+006
 0.1000E-004, 1.0318E+006, 1.0658E+006, 1.0327E+006
 0.1000E-004, 1.0224E+006, 1.0634E+006, 1.0307E+006
 0.1000E-004, 1.0273E+006, 1.0609E+006, 1.0204E+006
 0.1000E-004, 1.0285E+006, 1.0585E+006, 1.0271E+006
 0.1000E-004, 1.0234E+006, 1.0562E+006, 1.0277E+006
 0.1000E-004, 1.0245E+006, 1.0539E+006, 1.0219E+006
 0.1000E-004, 1.0173E+006, 1.0516E+006, 1.0238E+006
 0.1000E-004, 1.0098E+006, 1.0492E+006, 1.0156E+006
 0.1000E-004, 1.0067E+006, 1.0467E+006, 1.0082E+006
 0.1920     , 9.5979E+005, 1.0436E+006, 6.9559E+005
 0.1366     , 1.0239E+006, 1.0414E+006, 1.1007E+006
 0.9434E-001, 1.0393E+006, 1.0395E+006, 1.0926E+006
 0.6074E-001, 1.0325E+006, 1.0378E+006, 1.1014E+006
 0.4740E-002, 1.0290E+006, 1.0361E+006, 1.1541E+006
 0.1000E-004, 1.0086E+006, 1.0342E+006, 1.0250E+006
 0.1000E-004, 9.7105E+005, 1.0319E+006, 1.0059E+006
 0.1000E-004, 9.9204E+005, 1.0294E+006, 9.6620E+005
 0.1000E-004, 1.0046E+006, 1.0274E+006, 9.9399E+005
 0.1000E-004, 1.0036E+006, 1.0255E+006, 1.0050E+006
 0.1000E-004, 1.0010E+006, 1.0236E+006, 1.0026E+006
 0.1000E-004, 1.0000E+006, 1.0217E+006, 9.9995E+005
 0.1000E-004, 9.9493E+005, 1.0198E+006, 9.9919E+005
 0.1000E-004, 9.8761E+005, 1.0178E+006, 9.9360E+005
 0.1000E-004, 9.7890E+005, 1.0157E+006, 9.8606E+005
 0.1000E-004, 9.8654E+005, 1.0136E+006, 9.7719E+005
 0.1000E-004, 9.8734E+005, 1.0117E+006, 9.8675E+005
 0.1000E-004, 9.5056E+005, 1.0096E+006, 9.8659E+005
 0.1000E-004, 9.7685E+005, 1.0073E+006, 9.4564E+005
 0.1000E-004, 9.6365E+005, 1.0054E+006, 9.7953E+005
 0.4605E-001, 9.6516E+005, 1.0032E+006, 8.6823E+005
 0.2300E-002, 9.8787E+005, 1.0016E+006, 1.0752E+006
 0.1000E-004, 9.7010E+005, 9.9984E+005, 9.8247E+005
 0.1000E-004, 9.7384E+005, 9.9807E+005, 9.6793E+005
 0.1000E-004, 9.7005E+005, 9.9635E+005, 9.7376E+005
 0.1000E-004, 9.5409E+005, 9.9452E+005, 9.6888E+005
 0.1000E-004, 9.6979E+005, 9.9271E+005, 9.5162E+005
 0.1000E-004, 9.6896E+005, 9.9113E+005, 9.7114E+005
 0.1000E-004, 9.7225E+005, 9.8959E+005, 9.6803E+005
 0.1000E-004, 9.6226E+005, 9.8806E+005, 9.7209E+005
 0.1000E-004, 9.4530E+005, 9.8632E+005, 9.6046E+005
 0.1000E-004, 9.5012E+005, 9.8451E+005, 9.4283E+005
 0.1000E-004, 9.5600E+005, 9.8285E+005, 9.5019E+005
 0.1000E-004, 9.5765E+005, 9.8130E+005, 9.5597E+005
 0.1000E-004, 9.5505E+005, 9.7977E+005, 9.5718E+005
 0.1000E-004, 9.5082E+005, 9.7821E+005, 9.5414E+005
 0.1539     , 9.1051E+005, 9.7610E+005, 6.9977E+005
  2.000     , 2.9102E+006, 1.0161E+006, 1.1800E+011
  1.967     , 5.1756E+005, 1.0010E+006, 4.3133E+001
  1.933     , 9.0161E+005, 9.9587E+005, 8.1426E+005
  1.897     , 9.6556E+005, 9.9398E+005, 9.6461E+005
  1.854     , 9.7959E+005, 9.9264E+005, 9.8390E+005
  1.811     , 9.8142E+005, 9.9149E+005, 9.9560E+005
  1.770     , 9.7787E+005, 9.9034E+005, 9.9152E+005
  1.729     , 9.7791E+005, 9.8919E+005, 9.8898E+005
  1.688     , 9.8251E+005, 9.8811E+005, 9.9074E+005
  1.647     , 9.7823E+005, 9.8708E+005, 9.9729E+005
  1.610     , 9.7455E+005, 9.8597E+005, 9.8566E+005
  1.576     , 9.7074E+005, 9.8485E+005, 9.8487E+005
  1.713     , 9.3213E+005, 9.8331E+005, 9.0172E+005
  1.711     , 9.5487E+005, 9.8181E+005, 9.4852E+005
  1.681     , 9.6494E+005, 9.8061E+005, 9.7149E+005
  1.651     , 9.6046E+005, 9.7947E+005, 9.7519E+005
  1.621     , 9.5917E+005, 9.7829E+005, 9.6659E+005
  1.588     , 9.5906E+005, 9.7716E+005, 9.7060E+005
  1.593     , 9.4494E+005, 9.7591E+005, 9.5087E+005
  1.646     , 9.3765E+005, 9.7448E+005, 9.1759E+005
  2.000     , 5.4586E+005, 9.7439E+005, 1.4786E+009
  2.000     , 4.8743E+005, 9.6010E+005, 6.1007E+002
  1.977     , 8.4839E+005, 9.5519E+005, 7.6147E+005
  1.950     , 9.1860E+005, 9.5339E+005, 9.0666E+005
  1.923     , 9.3484E+005, 9.5223E+005, 9.3553E+005
  1.892     , 9.4174E+005, 9.5128E+005, 9.4648E+005
  1.863     , 9.3821E+005, 9.5038E+005, 9.5089E+005
  1.911     , 9.1668E+005, 9.4924E+005, 9.1210E+005
  2.000     , 2.5786E+006, 9.8428E+005, 9.3648E+010
  2.000     , 1.8459E+003, 9.6673E+005, 3.4569E+004
  2.000     , 9.2262E+004, 9.5108E+005, 4.1181E+008
  2.000     , 4.6933E+005, 9.3717E+005, 3.6036E+002
  2.000     , 1.8189E+003, 9.2545E+005, 1.7242E+007
  2.000     , 1.5093E+001, 9.0894E+005, 1.5180E+002
  2.000     , 4.5492E+005, 8.9568E+005, 1.4956E+001
  2.000     , 3.4859E+004, 8.8513E+005, 4.0449E+008
  1.971     , 4.5432E+005, 8.7229E+005, 1.3058E+002
  1.941     , 7.8672E+005, 8.6818E+005, 7.1674E+005
  1.919     , 8.4475E+005, 8.6680E+005, 8.3310E+005
  1.888     , 8.4120E+005, 8.6586E+005, 8.6251E+005
  2.000     , 6.4538E+005, 8.6337E+005, 7.9105E+005
  2.000     , 5.5111E+000, 8.5323E+005, 5.8110E+005
  2.000     , 6.9344E+002, 8.3804E+005, 8.6190E+006
  1.979     , 4.2856E+005, 8.2589E+005, 9.9011E+001
  2.000     , 6.8480E+005, 8.2159E+005, 6.6157E+005
  2.000     , 2.8510E+002, 8.1286E+005, 9.4842E+005
  2.000     , 3.0758E+003, 7.9845E+005, 1.7875E+008
  2.000     , 2.2627E+005, 7.8812E+005, 1.1163E+009
  2.000     , 3.8056E+005, 7.7659E+005, 2.7092E+002
  2.000     , 4.6975E+002, 7.6681E+005, 7.7635E+005
  1.983     , 3.9076E+005, 7.5571E+005, 2.9475E+002
  1.957     , 6.7784E+005, 7.5211E+005, 6.1447E+005
  1.928     , 7.2766E+005, 7.5089E+005, 7.2167E+005
  1.934     , 7.2914E+005, 7.5002E+005, 7.2900E+005
  1.915     , 7.2301E+005, 7.4913E+005, 7.3478E+005
  1.897     , 7.2011E+005, 7.4815E+005, 7.2207E+005
  1.879     , 7.3306E+005, 7.4728E+005, 7.2438E+005
  1.859     , 7.3783E+005, 7.4663E+005, 7.4408E+005
  1.840     , 7.3748E+005, 7.4601E+005, 7.4054E+005
  1.822     , 7.1960E+005, 7.4529E+005, 7.4152E+005
  1.807     , 7.0447E+005, 7.4424E+005, 7.1255E+005
  1.792     , 7.2117E+005, 7.4322E+005, 7.0480E+005
  1.775     , 7.3642E+005, 7.4258E+005, 7.3516E+005
  1.758     , 7.3854E+005, 7.4209E+005, 7.4282E+005
  1.741     , 7.3376E+005, 7.4159E+005, 7.4175E+005
  1.720     , 7.3291E+005, 7.4105E+005, 7.3665E+005
  1.696     , 7.3262E+005, 7.4053E+005, 7.3910E+005
  1.670     , 7.3126E+005, 7.4000E+005, 7.3794E+005
  1.645     , 7.3317E+005, 7.3949E+005, 7.3667E+005
  1.618     , 7.3446E+005, 7.3902E+005, 7.4083E+005
  1.598     , 7.3408E+005, 7.3857E+005, 7.3812E+005
  1.573     , 7.3232E+005, 7.3812E+005, 7.4121E+005
  1.547     , 7.2780E+005, 7.3762E+005, 7.3705E+005
  1.523     , 7.2140E+005, 7.3703E+005, 7.3204E+005
  1.499     , 7.2613E+005, 7.3642E+005, 7.2502E+005
  1.469     , 7.2533E+005, 7.3589E+005, 7.3778E+005
  1.453     , 7.2573E+005, 7.3533E+005, 7.2534E+005
  1.431     , 7.3086E+005, 7.3485E+005, 7.3457E+005
  1.406     , 7.3340E+005, 7.3444E+005, 7.3884E+005
  1.377     , 7.2791E+005, 7.3402E+005, 7.4214E+005
  1.354     , 7.2054E+005, 7.3347E+005, 7.3048E+005
  1.330     , 7.1904E+005, 7.3286E+005, 7.2553E+005
  1.308     , 7.2066E+005, 7.3227E+005, 7.2485E+005
  1.280     , 7.1481E+005, 7.3169E+005, 7.3047E+005
  1.250     , 7.1354E+005, 7.3101E+005, 7.2035E+005
  1.221     , 7.2242E+005, 7.3041E+005, 7.2256E+005
  1.191     , 7.2355E+005, 7.2994E+005, 7.3578E+005
  1.167     , 7.1799E+005, 7.2940E+005, 7.2887E+005
  1.137     , 7.1685E+005, 7.2881E+005, 7.2659E+005
  1.107     , 7.1841E+005, 7.2823E+005, 7.2667E+005
  1.077     , 7.1189E+005, 7.2763E+005, 7.2910E+005
  1.049     , 7.0427E+005, 7.2689E+005, 7.1779E+005
  1.020     , 7.1721E+005, 7.2617E+005, 7.1280E+005
 0.9939     , 7.1994E+005, 7.2565E+005, 7.3196E+005
 0.9656     , 7.2222E+005, 7.2513E+005, 7.2952E+005
 0.9320     , 7.1332E+005, 7.2460E+005, 7.3691E+005
 0.8963     , 7.0401E+005, 7.2388E+005, 7.2322E+005
  1.607     , 5.5735E+005, 7.2160E+005, 4.5379E+005
  2.000     , 1.4426E+005, 7.1622E+005, 1.1212E+010
  2.000     , 3.3130E+005, 7.0569E+005, 1.5646E+001
  2.000     , 2.6709E+003, 6.9669E+005, 1.7973E+007
  1.972     , 3.5620E+005, 6.8663E+005, 1.6679E+002
  1.942     , 6.1958E+005, 6.8343E+005, 5.6094E+005
  1.906     , 6.6608E+005, 6.8242E+005, 6.6197E+005
  1.871     , 6.7396E+005, 6.8180E+005, 6.7838E+005
  1.836     , 6.7374E+005, 6.8123E+005, 6.8167E+005
  1.798     , 6.7122E+005, 6.8064E+005, 6.8073E+005
  1.764     , 6.7153E+005, 6.8004E+005, 6.7640E+005
  1.730     , 6.7556E+005, 6.7948E+005, 6.7940E+005
  1.696     , 6.7651E+005, 6.7899E+005, 6.8408E+005
  1.659     , 6.7506E+005, 6.7850E+005, 6.8413E+005
  1.622     , 6.6768E+005, 6.7794E+005, 6.8240E+005
  1.586     , 6.6403E+005, 6.7727E+005, 6.7174E+005
  1.559     , 6.4858E+005, 6.7648E+005, 6.6913E+005
  1.532     , 6.4373E+005, 6.7548E+005, 6.4701E+005
  1.501     , 6.5792E+005, 6.7460E+005, 6.5233E+005
  1.466     , 6.6291E+005, 6.7394E+005, 6.7263E+005
  1.427     , 6.5785E+005, 6.7328E+005, 6.7168E+005
  1.396     , 6.5597E+005, 6.7255E+005, 6.6241E+005
  1.372     , 6.6065E+005, 6.7186E+005, 6.6131E+005
  1.337     , 6.6047E+005, 6.7125E+005, 6.7303E+005
  1.305     , 6.5742E+005, 6.7061E+005, 6.6657E+005
  1.271     , 6.5850E+005, 6.6996E+005, 6.6618E+005
  1.235     , 6.6167E+005, 6.6936E+005, 6.6933E+005
  1.196     , 6.6142E+005, 6.6880E+005, 6.7354E+005
  1.155     , 6.5864E+005, 6.6823E+005, 6.7322E+005
  1.112     , 6.6172E+005, 6.6766E+005, 6.7040E+005
  1.067     , 6.6316E+005, 6.6716E+005, 6.7757E+005
  1.019     , 6.6110E+005, 6.6666E+005, 6.7906E+005
 0.9720     , 6.5733E+005, 6.6610E+005, 6.7552E+005
 0.9794     , 6.4997E+005, 6.6543E+005, 6.4675E+005
 0.9354     , 6.5342E+005, 6.6480E+005, 6.7196E+005
 0.8893     , 6.6013E+005, 6.6421E+005, 6.6880E+005
  2.000     , 4.7039E+005, 6.6183E+005, 3.5668E+005
  2.000     , 5.6879E+001, 6.5429E+005, 5.2834E+005
  1.959     , 3.3701E+005, 6.4483E+005, 3.8972E+001
  1.916     , 5.8497E+005, 6.4185E+005, 5.3422E+005
  1.871     , 6.2234E+005, 6.4087E+005, 6.2475E+005
  1.822     , 6.3064E+005, 6.4019E+005, 6.3462E+005
  1.777     , 6.3008E+005, 6.3959E+005, 6.4110E+005
  1.736     , 6.2892E+005, 6.3897E+005, 6.3591E+005
  1.722     , 6.2146E+005, 6.3829E+005, 6.2891E+005
  2.000     , 5.3826E+008, 9.8432E+006, 7.2067E+011
  1.974     , 5.0709E+006, 9.7076E+006, 1.2625E+004
  1.927     , 8.7660E+006, 9.6624E+006, 8.0649E+006
  1.872     , 9.4650E+006, 9.6474E+006, 9.3661E+006
  1.821     , 9.5450E+006, 9.6385E+006, 9.7312E+006
  1.771     , 9.4443E+006, 9.6289E+006, 9.6568E+006
  1.718     , 9.4730E+006, 9.6185E+006, 9.5592E+006
  1.666     , 9.5328E+006, 9.6093E+006, 9.6601E+006
  1.622     , 9.4652E+006, 9.6002E+006, 9.6693E+006
  1.581     , 9.3994E+006, 9.5898E+006, 9.5508E+006
  1.539     , 9.3126E+006, 9.5784E+006, 9.5162E+006
  1.493     , 9.4032E+006, 9.5669E+006, 9.4317E+006
  1.449     , 9.3994E+006, 9.5570E+006, 9.6033E+006
  1.498     , 9.1479E+006, 9.5442E+006, 9.0640E+006
  1.460     , 9.2730E+006, 9.5315E+006, 9.3698E+006
  2.000     , 8.1895E+006, 9.5082E+006, 7.1751E+006
  2.000     , 2.3385E+004, 9.4106E+006, 9.0830E+006
  1.955     , 4.8745E+006, 9.2742E+006, 1.5111E+004
  1.908     , 8.4203E+006, 9.2314E+006, 7.7436E+006
  1.862     , 9.0234E+006, 9.2172E+006, 8.9669E+006
  1.803     , 9.1009E+006, 9.2083E+006, 9.2887E+006
  1.754     , 9.0183E+006, 9.1990E+006, 9.2016E+006
  1.718     , 8.9575E+006, 9.1886E+006, 9.0696E+006
  1.670     , 8.8059E+006, 9.1772E+006, 9.0968E+006
  1.615     , 8.8528E+006, 9.1644E+006, 8.8914E+006
  1.554     , 9.0336E+006, 9.1542E+006, 9.0992E+006
  1.491     , 9.1072E+006, 9.1466E+006, 9.2958E+006
  1.427     , 9.1065E+006, 9.1395E+006, 9.3203E+006
  1.366     , 9.0779E+006, 9.1321E+006, 9.3074E+006
  1.311     , 8.9917E+006, 9.1239E+006, 9.2512E+006
  1.251     , 9.0000E+006, 9.1150E+006, 9.1906E+006
  1.194     , 8.9818E+006, 9.1062E+006, 9.2228E+006
  1.304     , 8.5963E+006, 9.0930E+006, 8.3160E+006
  2.000     , 3.9413E+007, 9.6794E+006, 3.2129E+012
  1.948     , 4.9814E+006, 9.5389E+006, 2.0605E+002
  1.879     , 8.6205E+006, 9.4942E+006, 7.9646E+006
  1.813     , 9.2352E+006, 9.4789E+006, 9.2406E+006
  1.745     , 9.3823E+006, 9.4693E+006, 9.5141E+006
  1.674     , 9.3516E+006, 9.4607E+006, 9.6274E+006
  1.596     , 9.3882E+006, 9.4517E+006, 9.5600E+006
  1.524     , 9.3876E+006, 9.4433E+006, 9.6414E+006
  1.457     , 9.3498E+006, 9.4344E+006, 9.5902E+006
  1.394     , 9.2980E+006, 9.4249E+006, 9.5508E+006
  1.331     , 9.2793E+006, 9.4147E+006, 9.5035E+006
  1.271     , 9.2688E+006, 9.4044E+006, 9.4957E+006
  1.331     , 9.0430E+006, 9.3914E+006, 8.8510E+006
  1.272     , 9.2224E+006, 9.3797E+006, 9.4448E+006
  1.207     , 9.2430E+006, 9.3690E+006, 9.4843E+006
  1.138     , 9.2476E+006, 9.3587E+006, 9.5343E+006
  1.077     , 9.1558E+006, 9.3478E+006, 9.4940E+006
  1.026     , 9.0985E+006, 9.3356E+006, 9.3330E+006
 0.9726     , 9.1008E+006, 9.3233E+006, 9.3422E+006
  1.206     , 8.5644E+006, 9.3046E+006, 7.7182E+006
  2.000     , 3.1651E+006, 9.2658E+006, 4.6504E+010
  1.942     , 4.7712E+006, 9.1297E+006, 1.0966E+003
  1.885     , 8.2628E+006, 9.0854E+006, 7.5839E+006
  1.838     , 8.8195E+006, 9.0692E+006, 8.8079E+006
  1.778     , 8.9295E+006, 9.0580E+006, 9.0645E+006
  1.714     , 8.9264E+006, 9.0478E+006, 9.1178E+006
  1.651     , 8.9080E+006, 9.0375E+006, 9.0914E+006
  1.610     , 8.8672E+006, 9.0267E+006, 8.9890E+006
  1.559     , 8.8883E+006, 9.0161E+006, 9.0297E+006
  1.484     , 8.9205E+006, 9.0063E+006, 9.1565E+006
  1.409     , 8.8874E+006, 8.9963E+006, 9.1624E+006
  1.332     , 8.8902E+006, 8.9861E+006, 9.1399E+006
  1.252     , 8.8802E+006, 8.9760E+006, 9.1897E+006
  1.170     , 8.9128E+006, 8.9661E+006, 9.1880E+006
  1.083     , 8.9142E+006, 8.9568E+006, 9.2945E+006
 0.9963     , 8.8856E+006, 8.9472E+006, 9.2881E+006
 0.9207     , 8.7889E+006, 8.9368E+006, 9.2134E+006
 0.8515     , 8.7537E+006, 8.9252E+006, 9.0935E+006
 0.7756     , 8.8303E+006, 8.9143E+006, 9.1724E+006
 0.6977     , 8.8130E+006, 8.9043E+006, 9.3125E+006
 0.6216     , 8.8271E+006, 8.8941E+006, 9.2769E+006
 0.5313     , 8.8452E+006, 8.8845E+006, 9.5052E+006
 0.4417     , 8.8207E+006, 8.8745E+006, 9.5520E+006
 0.3358     , 8.8980E+006, 8.8651E+006, 9.8310E+006
 0.2240     , 9.0179E+006, 8.8571E+006, 1.0178E+007
 0.1400     , 8.6950E+006, 8.8473E+006, 1.0098E+007
 0.1292     , 8.6347E+006, 8.8327E+006, 8.6411E+006
 0.2744E-001, 8.7869E+006, 8.8218E+006, 1.0543E+007
 0.1000E-004, 8.5854E+006, 8.8079E+006, 9.1166E+006
 0.1000E-004, 8.5579E+006, 8.7924E+006, 8.5196E+006
 0.1000E-004, 8.4791E+006, 8.7765E+006, 8.5556E+006
 0.1000E-004, 8.4661E+006, 8.7597E+006, 8.4635E+006
 0.1000E-004, 8.5177E+006, 8.7432E+006, 8.4591E+006
 0.1000E-004, 8.5182E+006, 8.7274E+006, 8.5174E+006
 0.1000E-004, 8.3951E+006, 8.7105E+006, 8.5114E+006
 0.1000E-004, 8.4685E+006, 8.6930E+006, 8.3745E+006
 0.1000E-004, 8.4475E+006, 8.6763E+006, 8.4719E+006
 0.1000E-004, 8.3079E+006, 8.6582E+006, 8.4375E+006
 0.1000E-004, 8.3737E+006, 8.6394E+006, 8.2854E+006
 0.1000E-004, 8.3937E+006, 8.6217E+006, 8.3759E+006
 0.1000E-004, 8.3512E+006, 8.6040E+006, 8.3882E+006
 0.1000E-004, 8.3741E+006, 8.5860E+006, 8.3393E+006
  2.000     , 4.6986E+000, 8.4964E+006, 1.4836E+006
  2.000     , 1.5629E+004, 8.3369E+006, 4.2238E+000
  1.909     , 4.3307E+006, 8.2084E+006, 1.6104E+004
  1.795     , 7.5481E+006, 8.1634E+006, 7.0339E+006
  1.669     , 8.0936E+006, 8.1447E+006, 8.2842E+006
  1.557     , 8.0919E+006, 8.1293E+006, 8.4452E+006
  1.447     , 8.0294E+006, 8.1130E+006, 8.3728E+006
  1.339     , 8.0471E+006, 8.0961E+006, 8.3401E+006
  1.235     , 7.9846E+006, 8.0792E+006, 8.4019E+006
  1.136     , 7.9278E+006, 8.0610E+006, 8.2897E+006
  1.046     , 7.8961E+006, 8.0423E+006, 8.2475E+006
 0.9613     , 7.8707E+006, 8.0236E+006, 8.2211E+006
 0.8732     , 7.8593E+006, 8.0052E+006, 8.2547E+006
 0.7924     , 7.7957E+006, 7.9866E+006, 8.2212E+006
 0.7511     , 7.7848E+006, 7.9672E+006, 7.9141E+006
 0.6585     , 7.8737E+006, 7.9500E+006, 8.3936E+006
 0.5740     , 7.8029E+006, 7.9328E+006, 8.3569E+006
 0.4766     , 7.8420E+006, 7.9158E+006, 8.4620E+006
 0.3866     , 7.7781E+006, 7.8991E+006, 8.5231E+006
 0.2846     , 7.8243E+006, 7.8824E+006, 8.6879E+006
 0.1786     , 7.8016E+006, 7.8664E+006, 8.9776E+006
 0.7024E-001, 7.8006E+006, 7.8503E+006, 9.2456E+006
 0.1000E-004, 7.6500E+006, 7.8328E+006, 8.8416E+006
 0.1000E-004, 7.5698E+006, 7.8129E+006, 7.5101E+006
 0.1000E-004, 7.5207E+006, 7.7932E+006, 7.5681E+006
 0.1000E-004, 7.4397E+006, 7.7725E+006, 7.5068E+006
 0.1000E-004, 7.3974E+006, 7.7509E+006, 7.4232E+006
 0.1000E-004, 7.4213E+006, 7.7296E+006, 7.3853E+006
 0.1000E-004, 7.4077E+006, 7.7090E+006, 7.4164E+006
 0.1000E-004, 7.4735E+006, 7.6893E+006, 7.3979E+006
 0.1000E-004, 7.3928E+006, 7.6702E+006, 7.4739E+006
 0.1000E-004, 7.3892E+006, 7.6507E+006, 7.3754E+006
  2.000     , 1.1893E+006, 7.5785E+006, 1.3085E+006
  2.000     , 6.4131E+000, 7.4444E+006, 1.1687E+006
  2.000     , 3.0026E+003, 7.3028E+006, 5.8186E+000
  1.905     , 3.8023E+006, 7.1887E+006, 3.0956E+003
  1.802     , 6.5472E+006, 7.1480E+006, 6.1578E+006
  1.707     , 6.9369E+006, 7.1287E+006, 7.0508E+006
  1.615     , 6.9777E+006, 7.1127E+006, 7.1813E+006
  1.538     , 6.9552E+006, 7.0971E+006, 7.1402E+006
  1.444     , 7.0457E+006, 7.0825E+006, 7.2029E+006
  1.347     , 7.0440E+006, 7.0692E+006, 7.3470E+006
  1.265     , 6.9729E+006, 7.0551E+006, 7.2365E+006
  1.170     , 6.9425E+006, 7.0405E+006, 7.2553E+006
  1.077     , 6.9168E+006, 7.0255E+006, 7.2252E+006
 0.9919     , 6.8485E+006, 7.0099E+006, 7.1941E+006
 0.9121     , 6.8281E+006, 6.9938E+006, 7.1102E+006
 0.8288     , 6.8458E+006, 6.9782E+006, 7.1641E+006
 0.7441     , 6.8294E+006, 6.9630E+006, 7.2149E+006
 0.6592     , 6.8824E+006, 6.9482E+006, 7.2211E+006
 0.5580     , 6.9221E+006, 6.9350E+006, 7.4664E+006
 0.4551     , 6.9382E+006, 6.9222E+006, 7.5512E+006
 0.3498     , 6.9001E+006, 6.9094E+006, 7.6949E+006
 0.2581     , 6.7842E+006, 6.8954E+006, 7.6162E+006
 0.1663     , 6.7813E+006, 6.8807E+006, 7.6413E+006
 0.7199E-001, 6.7837E+006, 6.8666E+006, 7.8822E+006
 0.1000E-004, 6.7210E+006, 6.8520E+006, 7.7402E+006
 0.1000E-004, 6.5971E+006, 6.8355E+006, 6.6012E+006
 0.1000E-004, 6.6028E+006, 6.8190E+006, 6.5895E+006
 0.1000E-004, 6.5681E+006, 6.8025E+006, 6.5973E+006
 0.1000E-004, 6.5624E+006, 6.7859E+006, 6.5577E+006
 0.1000E-004, 6.5401E+006, 6.7694E+006, 6.5559E+006
 0.1000E-004, 6.5147E+006, 6.7529E+006, 6.5313E+006
 0.1000E-004, 6.4880E+006, 6.7363E+006, 6.5057E+006
 0.1000E-004, 6.4540E+006, 6.7196E+006, 6.4790E+006
 0.1000E-004, 6.4943E+006, 6.7035E+006, 6.4441E+006
 0.1000E-004, 6.4982E+006, 6.6883E+006, 6.4933E+006
 0.1000E-004, 6.4322E+006, 6.6729E+006, 6.4923E+006
 0.1000E-004, 6.3876E+006, 6.6570E+006, 6.4188E+006
 0.1000E-004, 6.3656E+006, 6.6409E+006, 6.3772E+006
 0.1000E-004, 6.3295E+006, 6.6247E+006, 6.3574E+006
 0.1000E-004, 6.4152E+006, 6.6093E+006, 6.3195E+006
 0.1000E-004, 6.4898E+006, 6.5959E+006, 6.4198E+006
 0.1000E-004, 6.4550E+006, 6.5832E+006, 6.4923E+006
 0.1000E-004, 6.4555E+006, 6.5703E+006, 6.4451E+006
 0.1040     , 6.2840E+006, 6.5551E+006, 5.1971E+006
 0.5620E-002, 6.4691E+006, 6.5433E+006, 7.8845E+006
 0.1000E-004, 6.3233E+006, 6.5287E+006, 6.3860E+006
 0.1000E-004, 6.2902E+006, 6.5137E+006, 6.3100E+006
 0.1000E-004, 6.3535E+006, 6.4991E+006, 6.2815E+006
 0.1000E-004, 6.1897E+006, 6.4842E+006, 6.3556E+006
 0.1000E-004, 6.1468E+006, 6.4678E+006, 6.1646E+006
 0.1000E-004, 6.2697E+006, 6.4526E+006, 6.1379E+006
 0.1000E-004, 6.2642E+006, 6.4393E+006, 6.2786E+006
 0.1000E-004, 6.2760E+006, 6.4263E+006, 6.2569E+006
 0.1000E-004, 6.2794E+006, 6.4137E+006, 6.2727E+006
 0.1000E-004, 6.3111E+006, 6.4016E+006, 6.2748E+006
 0.1000E-004, 6.2493E+006, 6.3895E+006, 6.3101E+006
 0.1000E-004, 6.1059E+006, 6.3758E+006, 6.2369E+006
 0.1000E-004, 6.1895E+006, 6.3617E+006, 6.0852E+006
 0.1000E-004, 6.2202E+006, 6.3492E+006, 6.1957E+006
 0.1000E-004, 6.1329E+006, 6.3364E+006, 6.2177E+006
 0.1000E-004, 6.1471E+006, 6.3231E+006, 6.1177E+006
 0.1000E-004, 6.1499E+006, 6.3104E+006, 6.1449E+006
 0.1000E-004, 6.0913E+006, 6.2975E+006, 6.1450E+006
 0.1000E-004, 6.0643E+006, 6.2841E+006, 6.0796E+006
 0.1000E-004, 6.0979E+006, 6.2710E+006, 6.0568E+006
 0.1000E-004, 6.1359E+006, 6.2588E+006, 6.0971E+006
 0.1000E-004, 6.0062E+006, 6.2463E+006, 6.1352E+006
 0.1000E-004, 6.0841E+006, 6.2332E+006, 5.9860E+006
 0.1000E-004, 5.9871E+006, 6.2205E+006, 6.0899E+006
 0.1000E-004, 6.0129E+006, 6.2072E+006, 5.9699E+006
 0.1120     , 5.8285E+006, 6.1919E+006, 4.7720E+006
  2.000     , 6.1917E+006, 6.2332E+006, 1.0367E+011
  1.933     , 3.2205E+006, 6.1381E+006, 6.4976E+002
  1.866     , 5.5865E+006, 6.1052E+006, 5.1411E+006
  1.804     , 5.9191E+006, 6.0913E+006, 5.9879E+006
  1.742     , 6.0129E+006, 6.0804E+006, 6.0476E+006
  1.671     , 6.0908E+006, 6.0715E+006, 6.1948E+006
  1.597     , 6.0693E+006, 6.0633E+006, 6.2557E+006
  1.528     , 5.9868E+006, 6.0542E+006, 6.1803E+006
  1.478     , 5.9263E+006, 6.0438E+006, 6.0451E+006
  1.421     , 5.9569E+006, 6.0333E+006, 6.0470E+006
  1.619     , 5.6187E+006, 6.0197E+006, 5.3391E+006
  1.575     , 5.8314E+006, 6.0067E+006, 5.8833E+006
  1.533     , 5.8857E+006, 5.9956E+006, 5.9263E+006
  1.483     , 5.8298E+006, 5.9853E+006, 6.0156E+006
  1.428     , 5.8294E+006, 5.9743E+006, 5.9078E+006
  1.377     , 5.8951E+006, 5.9644E+006, 5.9537E+006
  1.324     , 5.9372E+006, 5.9558E+006, 6.0415E+006
  1.277     , 5.9203E+006, 5.9476E+006, 6.0484E+006
  1.230     , 5.8640E+006, 5.9390E+006, 6.0254E+006
  1.181     , 5.8711E+006, 5.9301E+006, 5.9664E+006
  1.139     , 5.8572E+006, 5.9216E+006, 5.9838E+006
  1.111     , 5.8735E+006, 5.9131E+006, 5.9070E+006
  1.069     , 5.7748E+006, 5.9048E+006, 6.0230E+006
  1.016     , 5.7315E+006, 5.8949E+006, 5.8775E+006
 0.9654     , 5.7567E+006, 5.8852E+006, 5.8782E+006
  1.224     , 5.3994E+006, 5.8717E+006, 4.8165E+006
  2.000     , 1.2009E+006, 5.8320E+006, 1.0440E+011
  2.000     , 9.3482E+003, 5.7256E+006, 2.7750E+006
  1.973     , 2.9089E+006, 5.6401E+006, 7.3048E+003
  1.945     , 5.0913E+006, 5.6109E+006, 4.5612E+006
  1.911     , 5.4735E+006, 5.6005E+006, 5.4641E+006
  1.878     , 5.5068E+006, 5.5929E+006, 5.5545E+006
  1.978     , 5.3067E+006, 5.5839E+006, 5.2513E+006
  2.000     , 8.0114E+004, 5.5295E+006, 2.5900E+007
  2.000     , 7.9784E+003, 5.4299E+006, 2.8066E+008
  1.974     , 2.7842E+006, 5.3499E+006, 2.5639E+002
  1.946     , 4.8073E+006, 5.3237E+006, 4.3900E+006
  1.916     , 5.1637E+006, 5.3141E+006, 5.1002E+006
  1.887     , 5.2100E+006, 5.3078E+006, 5.2624E+006
  2.000     , 4.9775E+006, 5.2997E+006, 4.9391E+006
  2.000     , 4.6199E+004, 5.2479E+006, 6.5966E+006
  1.972     , 2.6935E+006, 5.1718E+006, 2.6762E+004
  1.941     , 4.6254E+006, 5.1469E+006, 4.2279E+006
  1.909     , 4.9536E+006, 5.1377E+006, 4.9089E+006
  1.874     , 5.0048E+006, 5.1314E+006, 5.0531E+006
  1.841     , 5.0288E+006, 5.1257E+006, 5.0485E+006
  1.809     , 5.0399E+006, 5.1206E+006, 5.0885E+006
  1.782     , 5.0131E+006, 5.1155E+006, 5.0757E+006
  1.819     , 4.9081E+006, 5.1092E+006, 4.8967E+006
  1.804     , 4.9987E+006, 5.1030E+006, 4.9452E+006
  1.784     , 5.0045E+006, 5.0983E+006, 5.0710E+006
  1.764     , 4.9503E+006, 5.0930E+006, 5.0131E+006
  1.746     , 4.9567E+006, 5.0874E+006, 4.9576E+006
  1.727     , 4.9908E+006, 5.0825E+006, 4.9993E+006
  1.706     , 5.0098E+006, 5.0782E+006, 5.0339E+006
  1.682     , 5.0240E+006, 5.0744E+006, 5.0509E+006
  1.661     , 5.0059E+006, 5.0707E+006, 5.0607E+006
  1.878     , 4.6693E+006, 5.0635E+006, 4.5083E+006
  2.000     , 3.3998E+004, 5.0148E+006, 1.0581E+008
  1.977     , 2.5646E+006, 4.9429E+006, 2.5545E+003
  2.000     , 4.3898E+006, 4.9197E+006, 3.9545E+006
  1.981     , 4.7524E+006, 4.9119E+006, 4.6689E+006
  1.954     , 4.8565E+006, 4.9077E+006, 4.8527E+006
  1.932     , 4.8183E+006, 4.9041E+006, 4.9019E+006
  2.000     , 4.5795E+006, 4.8979E+006, 4.6386E+006
  2.000     , 8.2812E+003, 4.8505E+006, 1.5743E+007
  1.979     , 2.4959E+006, 4.7810E+006, 2.8604E+003
  2.000     , 4.0498E+006, 4.7576E+006, 3.8637E+006
  2.000     , 7.9960E+003, 4.7087E+006, 4.6999E+006
  1.984     , 2.3920E+006, 4.6412E+006, 5.0436E+003
  1.967     , 4.1784E+006, 4.6198E+006, 3.7403E+006
  1.952     , 4.4825E+006, 4.6134E+006, 4.4513E+006
  2.000     , 4.2772E+006, 4.6074E+006, 4.4094E+006
  2.000     , 5.5861E+004, 4.5634E+006, 7.5767E+009
  1.986     , 2.3218E+006, 4.4981E+006, 5.7405E+001
  2.000     , 6.8551E+005, 4.4553E+006, 2.2411E+009
  2.000     , 2.1510E+004, 4.3773E+006, 9.6345E+008
  1.981     , 2.2372E+006, 4.3147E+006, 1.6597E+002
  1.991     , 3.8250E+006, 4.2947E+006, 3.4706E+006
  1.976     , 4.1463E+006, 4.2880E+006, 4.0458E+006
  1.960     , 4.1978E+006, 4.2843E+006, 4.2303E+006
  1.942     , 4.2057E+006, 4.2809E+006, 4.2101E+006
  1.927     , 4.1989E+006, 4.2776E+006, 4.2305E+006
  1.911     , 4.2047E+006, 4.2742E+006, 4.2090E+006
  2.000     , 8.8655E+003, 4.2351E+006, 5.6859E+006
  1.985     , 2.1690E+006, 4.1747E+006, 4.9597E+003
  1.970     , 3.7571E+006, 4.1559E+006, 3.4009E+006
  1.954     , 4.0192E+006, 4.1502E+006, 3.9817E+006
  1.932     , 4.0606E+006, 4.1466E+006, 4.0766E+006
  1.974     , 3.9995E+006, 4.1427E+006, 3.9804E+006
  2.000     , 3.5727E+006, 4.1356E+006, 3.9666E+006
  2.000     , 2.2868E+004, 4.0930E+006, 6.8457E+007
  2.000     , 1.9784E+003, 4.0212E+006, 1.8810E+008
  1.981     , 2.0642E+006, 3.9640E+006, 6.9818E+001
  2.000     , 3.5251E+006, 3.9460E+006, 3.1977E+006
  1.981     , 3.8128E+006, 3.9401E+006, 3.7357E+006
  1.961     , 3.8787E+006, 3.9370E+006, 3.8879E+006
  1.936     , 3.8666E+006, 3.9343E+006, 3.9142E+006
  2.000     , 3.7008E+006, 3.9301E+006, 3.7385E+006
  2.000     , 4.5599E+004, 3.8932E+006, 5.2510E+006
  2.000     , 3.6845E+005, 3.8313E+006, 4.6415E+008
  2.000     , 6.4209E+005, 3.7750E+006, 6.8803E+009
  2.000     , 1.8099E+006, 3.7206E+006, 5.9769E+002
  2.000     , 3.1832E+003, 3.6744E+006, 3.1607E+008
  2.000     , 1.7422E+006, 3.6212E+006, 6.1612E+001
  2.000     , 7.3096E+003, 3.5760E+006, 2.6342E+006
  1.973     , 1.8320E+006, 3.5251E+006, 5.1274E+003
  2.000     , 3.0535E+006, 3.5083E+006, 2.8162E+006
  2.000     , 4.3866E+004, 3.4739E+006, 4.1225E+008
  1.980     , 1.7833E+006, 3.4243E+006, 6.2379E+002
  1.982     , 3.0633E+006, 3.4088E+006, 2.7806E+006
  1.958     , 3.3201E+006, 3.4039E+006, 3.2531E+006
  1.933     , 3.3659E+006, 3.4013E+006, 3.3932E+006
  1.914     , 3.3634E+006, 3.3990E+006, 3.3771E+006
  2.000     , 3.2056E+006, 3.3954E+006, 3.2366E+006
  2.000     , 1.3107E+005, 3.3650E+006, 6.0052E+009
  1.980     , 1.7123E+006, 3.3167E+006, 1.2561E+002
  1.960     , 2.9627E+006, 3.3013E+006, 2.6844E+006
  2.000     , 3.1416E+006, 3.2957E+006, 3.0650E+006
  1.984     , 3.2111E+006, 3.2921E+006, 3.2054E+006
  1.960     , 3.2317E+006, 3.2892E+006, 3.2453E+006
  1.936     , 3.2435E+006, 3.2866E+006, 3.2561E+006
  1.909     , 3.2375E+006, 3.2841E+006, 3.2739E+006
  1.875     , 3.2206E+006, 3.2815E+006, 3.2645E+006
  1.839     , 3.2267E+006, 3.2787E+006, 3.2458E+006
  1.805     , 3.2329E+006, 3.2762E+006, 3.2642E+006
  1.773     , 3.2472E+006, 3.2738E+006, 3.2635E+006
  1.738     , 3.2561E+006, 3.2716E+006, 3.2897E+006
  1.703     , 3.2557E+006, 3.2696E+006, 3.2900E+006
  1.670     , 3.2207E+006, 3.2672E+006, 3.2888E+006
  1.634     , 3.1823E+006, 3.2643E+006, 3.2403E+006
  1.596     , 3.1770E+006, 3.2609E+006, 3.2113E+006
  1.559     , 3.2216E+006, 3.2579E+006, 3.2171E+006
  1.889     , 2.8961E+006, 3.2523E+006, 2.7654E+006
  2.000     , 1.0500E+005, 3.2216E+006, 9.3339E+009
  2.000     , 1.2003E+004, 3.1646E+006, 6.1502E+001
  1.970     , 1.6344E+006, 3.1193E+006, 1.2074E+004
  1.939     , 2.8225E+006, 3.1052E+006, 2.5745E+006
  1.906     , 2.9967E+006, 3.1006E+006, 3.0012E+006
  1.872     , 3.0444E+006, 3.0975E+006, 3.0375E+006
  1.836     , 3.0637E+006, 3.0950E+006, 3.0963E+006
  1.798     , 3.0669E+006, 3.0927E+006, 3.0981E+006
  1.760     , 3.0486E+006, 3.0904E+006, 3.1015E+006
  1.725     , 3.0570E+006, 3.0878E+006, 3.0692E+006
  1.690     , 3.0708E+006, 3.0856E+006, 3.1007E+006
  1.651     , 3.0630E+006, 3.0835E+006, 3.1114E+006
  1.611     , 3.0386E+006, 3.0811E+006, 3.0974E+006
  1.570     , 3.0245E+006, 3.0783E+006, 3.0687E+006
  1.546     , 3.0089E+006, 3.0753E+006, 3.0385E+006
  2.000     , 2.6262E+006, 3.0684E+006, 2.4347E+006
  2.000     , 2.9393E+003, 3.0367E+006, 2.6732E+008
  2.000     , 1.8116E+003, 2.9827E+006, 3.7803E+008
  2.000     , 1.5374E+003, 2.9296E+006, 7.5695E+007
  1.973     , 1.5024E+006, 2.8872E+006, 9.5829E+001
  1.954     , 2.5822E+006, 2.8735E+006, 2.3583E+006
  2.000     , 2.6116E+006, 2.8674E+006, 2.6544E+006
  2.000     , 1.0796E+004, 2.8388E+006, 1.5361E+008
  2.000     , 1.1394E+004, 2.7884E+006, 2.5331E+008
  2.000     , 1.5128E+003, 2.7389E+006, 3.3266E+007
  2.000     , 2.4196E+002, 2.6902E+006, 2.7778E+006
  1.966     , 1.3834E+006, 2.6513E+006, 1.5172E+002
  1.923     , 2.3951E+006, 2.6391E+006, 2.1952E+006
  1.876     , 2.5687E+006, 2.6351E+006, 2.5557E+006
  1.831     , 2.6051E+006, 2.6326E+006, 2.6258E+006
  1.792     , 2.5978E+006, 2.6304E+006, 2.6395E+006
  1.846     , 2.5358E+006, 2.6274E+006, 2.5133E+006
  2.000     , 8.5519E+005, 2.6170E+006, 2.2126E+009
  2.000     , 7.4790E+004, 2.5717E+006, 9.7889E+007
  1.964     , 1.3194E+006, 2.5345E+006, 3.2407E+003
  1.925     , 2.2896E+006, 2.5227E+006, 2.0840E+006
  1.884     , 2.4429E+006, 2.5188E+006, 2.4450E+006
  1.840     , 2.4703E+006, 2.5160E+006, 2.4875E+006
  1.798     , 2.4676E+006, 2.5136E+006, 2.5075E+006
  1.772     , 2.4494E+006, 2.5109E+006, 2.4741E+006
  1.735     , 2.4540E+006, 2.5082E+006, 2.4771E+006
  1.693     , 2.4638E+006, 2.5057E+006, 2.4894E+006
  1.648     , 2.4727E+006, 2.5035E+006, 2.5038E+006
  1.599     , 2.4781E+006, 2.5014E+006, 2.5151E+006
  1.547     , 2.4799E+006, 2.4993E+006, 2.5233E+006
  1.501     , 2.4690E+006, 2.4973E+006, 2.5163E+006
  1.449     , 2.4686E+006, 2.4951E+006, 2.5124E+006
  1.397     , 2.4489E+006, 2.4929E+006, 2.5170E+006
  1.335     , 2.4533E+006, 2.4905E+006, 2.5003E+006
  1.284     , 2.4455E+006, 2.4881E+006, 2.5035E+006
  1.237     , 2.4549E+006, 2.4856E+006, 2.4869E+006
  1.399     , 2.3420E+006, 2.4821E+006, 2.2249E+006
  2.000     , 9.5686E+005, 2.4745E+006, 6.4620E+009
  1.965     , 1.2782E+006, 2.4386E+006, 6.3076E+002
  1.922     , 2.2112E+006, 2.4273E+006, 2.0309E+006
  1.881     , 2.3435E+006, 2.4234E+006, 2.3513E+006
  1.943     , 2.3232E+006, 2.4200E+006, 2.2770E+006
  1.903     , 2.3336E+006, 2.4169E+006, 2.3889E+006
  1.848     , 2.3444E+006, 2.4137E+006, 2.3584E+006
  1.788     , 2.3923E+006, 2.4111E+006, 2.3994E+006
  1.728     , 2.4096E+006, 2.4093E+006, 2.4543E+006
  1.668     , 2.4028E+006, 2.4074E+006, 2.4544E+006
  1.620     , 2.3828E+006, 2.4053E+006, 2.4301E+006
  1.573     , 2.3643E+006, 2.4030E+006, 2.4142E+006
  1.748     , 2.2335E+006, 2.3990E+006, 2.1506E+006
  2.000     , 5.0449E+004, 2.3760E+006, 9.5743E+006
  1.954     , 1.2285E+006, 2.3416E+006, 1.5219E+004
  2.000     , 2.3087E+005, 2.3166E+006, 2.0095E+008
  1.953     , 1.1983E+006, 2.2830E+006, 4.5195E+003
  1.920     , 2.0693E+006, 2.2722E+006, 1.8889E+006
  1.864     , 2.2121E+006, 2.2686E+006, 2.2214E+006
  1.813     , 2.2347E+006, 2.2660E+006, 2.2570E+006
  1.762     , 2.1926E+006, 2.2634E+006, 2.2736E+006
  1.694     , 2.2095E+006, 2.2603E+006, 2.2183E+006
  1.632     , 2.2403E+006, 2.2579E+006, 2.2703E+006
  1.567     , 2.2470E+006, 2.2559E+006, 2.2974E+006
  1.512     , 2.2388E+006, 2.2537E+006, 2.2834E+006
  1.464     , 2.2282E+006, 2.2515E+006, 2.2732E+006
  1.458     , 2.2065E+006, 2.2489E+006, 2.2127E+006
  1.468     , 2.2017E+006, 2.2462E+006, 2.1914E+006
  1.425     , 2.2206E+006, 2.2438E+006, 2.2570E+006
  1.374     , 2.2132E+006, 2.2415E+006, 2.2643E+006
  1.306     , 2.2217E+006, 2.2392E+006, 2.2737E+006
  1.235     , 2.2411E+006, 2.2371E+006, 2.2916E+006
  1.161     , 2.2403E+006, 2.2353E+006, 2.3204E+006
  1.098     , 2.2135E+006, 2.2332E+006, 2.2970E+006
  1.040     , 2.1940E+006, 2.2306E+006, 2.2637E+006
 0.9739     , 2.2052E+006, 2.2281E+006, 2.2672E+006
 0.9067     , 2.1898E+006, 2.2255E+006, 2.2901E+006
 0.8308     , 2.1783E+006, 2.2227E+006, 2.2816E+006
 0.7511     , 2.2156E+006, 2.2201E+006, 2.2857E+006
 0.6894     , 2.1739E+006, 2.2177E+006, 2.3121E+006
 0.7771     , 2.0691E+006, 2.2136E+006, 1.9754E+006
  2.000     , 3.1600E+006, 2.2455E+006, 2.1616E+010
  2.000     , 1.2235E+005, 2.2070E+006, 4.1765E+007
  1.954     , 1.1389E+006, 2.1747E+006, 1.0261E+004
  1.904     , 1.9598E+006, 2.1640E+006, 1.8019E+006
  2.000     , 6.6751E+005, 2.1489E+006, 1.9649E+006
  2.000     , 3.4642E+001, 2.1145E+006, 4.7323E+005
  1.926     , 1.0943E+006, 2.0833E+006, 3.1312E+001
  1.848     , 1.9039E+006, 2.0733E+006, 1.7554E+006
  1.768     , 2.0360E+006, 2.0698E+006, 2.0551E+006
  1.682     , 2.0563E+006, 2.0673E+006, 2.1079E+006
  1.594     , 2.0607E+006, 2.0650E+006, 2.1174E+006
  1.506     , 2.0563E+006, 2.0627E+006, 2.1240E+006
  1.413     , 2.0703E+006, 2.0605E+006, 2.1238E+006
  1.320     , 2.0705E+006, 2.0584E+006, 2.1526E+006
  1.233     , 2.0627E+006, 2.0562E+006, 2.1389E+006
  1.139     , 2.0555E+006, 2.0540E+006, 2.1496E+006
  1.044     , 2.0410E+006, 2.0514E+006, 2.1445E+006
 0.9590     , 2.0241E+006, 2.0486E+006, 2.1210E+006
 0.8846     , 2.0077E+006, 2.0455E+006, 2.0987E+006
 0.8120     , 2.0006E+006, 2.0423E+006, 2.0892E+006
 0.7404     , 2.0023E+006, 2.0391E+006, 2.0895E+006
 0.6612     , 2.0088E+006, 2.0360E+006, 2.1158E+006
 0.5773     , 2.0124E+006, 2.0331E+006, 2.1395E+006
 0.4989     , 1.9893E+006, 2.0300E+006, 2.1419E+006
 0.4373     , 1.9745E+006, 2.0266E+006, 2.0870E+006
 0.3994     , 1.9611E+006, 2.0230E+006, 2.0350E+006
 0.3312     , 1.9932E+006, 2.0198E+006, 2.1167E+006
 0.2970     , 1.9933E+006, 2.0168E+006, 2.0583E+006
 0.2326     , 2.0077E+006, 2.0142E+006, 2.1708E+006
 0.1456     , 2.0154E+006, 2.0118E+006, 2.2751E+006
 0.6170E-001, 2.0162E+006, 2.0093E+006, 2.3099E+006
 0.1000E-004, 2.0045E+006, 2.0067E+006, 2.2593E+006
 0.1000E-004, 1.9375E+006, 2.0032E+006, 1.9743E+006
 0.1000E-004, 1.9245E+006, 1.9993E+006, 1.9318E+006
 0.1000E-004, 1.9505E+006, 1.9954E+006, 1.9219E+006
 0.1000E-004, 1.9331E+006, 1.9918E+006, 1.9522E+006
 0.1000E-004, 1.9346E+006, 1.9879E+006, 1.9294E+006
 0.1000E-004, 1.9493E+006, 1.9843E+006, 1.9335E+006
 0.1000E-004, 1.9464E+006, 1.9807E+006, 1.9496E+006
 0.1000E-004, 1.9254E+006, 1.9770E+006, 1.9445E+006
 0.1000E-004, 1.9332E+006, 1.9732E+006, 1.9215E+006
 0.1000E-004, 1.9176E+006, 1.9694E+006, 1.9330E+006
 0.1000E-004, 1.8997E+006, 1.9654E+006, 1.9141E+006
 0.1000E-004, 1.9028E+006, 1.9612E+006, 1.8963E+006
 0.1000E-004, 1.8903E+006, 1.9571E+006, 1.9018E+006
 0.1000E-004, 1.8855E+006, 1.9530E+006, 1.8872E+006
 0.1000E-004, 1.8823E+006, 1.9488E+006, 1.8835E+006
 0.1000E-004, 1.8738E+006, 1.9447E+006, 1.8804E+006
 0.1000E-004, 1.8805E+006, 1.9405E+006, 1.8713E+006
 0.1000E-004, 1.8598E+006, 1.9364E+006, 1.8798E+006
 0.1000E-004, 1.8877E+006, 1.9323E+006, 1.8557E+006
 0.1000E-004, 1.8752E+006, 1.9284E+006, 1.8897E+006
 0.1000E-004, 1.8751E+006, 1.9245E+006, 1.8719E+006
 0.1000E-004, 1.8830E+006, 1.9207E+006, 1.8738E+006
 0.1000E-004, 1.8792E+006, 1.9169E+006, 1.8825E+006
 0.1000E-004, 1.8672E+006, 1.9130E+006, 1.8772E+006
 0.1000E-004, 1.8430E+006, 1.9087E+006, 1.8644E+006
 0.1000E-004, 1.8276E+006, 1.9041E+006, 1.8387E+006
 0.1000E-004, 1.8201E+006, 1.8993E+006, 1.8244E+006
 0.1000E-004, 1.8304E+006, 1.8947E+006, 1.8176E+006
 0.1000E-004, 1.8372E+006, 1.8903E+006, 1.8299E+006
 0.1000E-004, 1.8275E+006, 1.8860E+006, 1.8361E+006
 0.1000E-004, 1.8361E+006, 1.8818E+006, 1.8246E+006
 0.1000E-004, 1.8081E+006, 1.8774E+006, 1.8357E+006
 0.1000E-004, 1.8267E+006, 1.8730E+006, 1.8031E+006
 0.1000E-004, 1.8138E+006, 1.8688E+006, 1.8276E+006
  2.000     , 6.0274E+001, 1.8488E+006, 3.2088E+005
  1.881     , 9.6549E+005, 1.8201E+006, 5.7008E+001
  1.760     , 1.6782E+006, 1.8100E+006, 1.5724E+006
  1.642     , 1.7873E+006, 1.8057E+006, 1.8317E+006
  1.535     , 1.7874E+006, 1.8020E+006, 1.8595E+006
  1.436     , 1.7755E+006, 1.7983E+006, 1.8438E+006
  1.339     , 1.7714E+006, 1.7945E+006, 1.8373E+006
  1.243     , 1.7731E+006, 1.7908E+006, 1.8402E+006
  1.142     , 1.7787E+006, 1.7873E+006, 1.8547E+006
  1.053     , 1.7629E+006, 1.7837E+006, 1.8503E+006
 0.9719     , 1.7567E+006, 1.7800E+006, 1.8261E+006
 0.8794     , 1.7591E+006, 1.7764E+006, 1.8510E+006
 0.7909     , 1.7575E+006, 1.7728E+006, 1.8497E+006
 0.6983     , 1.7531E+006, 1.7693E+006, 1.8663E+006
 0.6042     , 1.7513E+006, 1.7657E+006, 1.8722E+006
 0.5108     , 1.7454E+006, 1.7622E+006, 1.8849E+006
 0.4145     , 1.7486E+006, 1.7586E+006, 1.9018E+006
 0.3169     , 1.7459E+006, 1.7552E+006, 1.9345E+006
 0.2099     , 1.7551E+006, 1.7519E+006, 1.9902E+006
 0.1064     , 1.7421E+006, 1.7486E+006, 2.0421E+006
 0.1389E-001, 1.7361E+006, 1.7452E+006, 2.0509E+006
 0.1000E-004, 1.7092E+006, 1.7414E+006, 1.7526E+006
 0.1000E-004, 1.6906E+006, 1.7374E+006, 1.7027E+006
 0.1000E-004, 1.6876E+006, 1.7332E+006, 1.6874E+006
 0.1000E-004, 1.6667E+006, 1.7290E+006, 1.6859E+006
 0.1000E-004, 1.6632E+006, 1.7245E+006, 1.6626E+006
 0.1000E-004, 1.6558E+006, 1.7201E+006, 1.6614E+006
 0.1000E-004, 1.6624E+006, 1.7157E+006, 1.6533E+006
 0.1000E-004, 1.6581E+006, 1.7115E+006, 1.6616E+006
 0.1000E-004, 1.6620E+006, 1.7074E+006, 1.6559E+006
 0.1000E-004, 1.6559E+006, 1.7034E+006, 1.6609E+006
 0.1000E-004, 1.6503E+006, 1.6994E+006, 1.6536E+006
 0.1000E-004, 1.6498E+006, 1.6955E+006, 1.6482E+006
 0.1000E-004, 1.6479E+006, 1.6917E+006, 1.6483E+006
 0.1000E-004, 1.6442E+006, 1.6879E+006, 1.6462E+006
 0.1000E-004, 1.6255E+006, 1.6841E+006, 1.6424E+006
 0.1000E-004, 1.6186E+006, 1.6802E+006, 1.6219E+006
 0.1000E-004, 1.6179E+006, 1.6763E+006, 1.6166E+006
 0.1000E-004, 1.6189E+006, 1.6725E+006, 1.6164E+006
 0.1000E-004, 1.6089E+006, 1.6687E+006, 1.6176E+006
 0.1000E-004, 1.6157E+006, 1.6649E+006, 1.6063E+006
 0.1000E-004, 1.6082E+006, 1.6613E+006, 1.6152E+006
 0.1000E-004, 1.6201E+006, 1.6577E+006, 1.6058E+006
 0.1000E-004, 1.6118E+006, 1.6543E+006, 1.6202E+006
 0.1000E-004, 1.6037E+006, 1.6507E+006, 1.6093E+006
 0.1000E-004, 1.6085E+006, 1.6472E+006, 1.6015E+006
 0.1000E-004, 1.5983E+006, 1.6438E+006, 1.6078E+006
 0.1000E-004, 1.5811E+006, 1.6401E+006, 1.5957E+006
 0.1000E-004, 1.5689E+006, 1.6363E+006, 1.5779E+006
 0.1000E-004, 1.5763E+006, 1.6326E+006, 1.5663E+006
 0.1000E-004, 1.5839E+006, 1.6292E+006, 1.5759E+006
 0.1000E-004, 1.5904E+006, 1.6260E+006, 1.5834E+006
 0.1000E-004, 1.5849E+006, 1.6229E+006, 1.5899E+006
 0.1000E-004, 1.5928E+006, 1.6198E+006, 1.5830E+006
 0.1000E-004, 1.5871E+006, 1.6169E+006, 1.5927E+006
 0.1000E-004, 1.5627E+006, 1.6137E+006, 1.5852E+006
 0.1000E-004, 1.5494E+006, 1.6103E+006, 1.5587E+006
 0.1000E-004, 1.5377E+006, 1.6068E+006, 1.5468E+006
 0.1000E-004, 1.5548E+006, 1.6034E+006, 1.5352E+006
 0.1000E-004, 1.5422E+006, 1.6001E+006, 1.5557E+006
 0.1000E-004, 1.5292E+006, 1.5968E+006, 1.5393E+006
 0.1000E-004, 1.5375E+006, 1.5934E+006, 1.5266E+006
 0.1000E-004, 1.5631E+006, 1.5903E+006, 1.5374E+006
 0.1000E-004, 1.5579E+006, 1.5876E+006, 1.5649E+006
 0.1000E-004, 1.5423E+006, 1.5846E+006, 1.5559E+006
 0.1000E-004, 1.5209E+006, 1.5814E+006, 1.5394E+006
 0.1000E-004, 1.5145E+006, 1.5780E+006, 1.5175E+006
 0.1000E-004, 1.5264E+006, 1.5748E+006, 1.5128E+006
 0.3220     , 1.3970E+006, 1.5701E+006, 8.7368E+005
  2.000     , 6.6015E+004, 1.5547E+006, 1.7083E+008
  1.956     , 7.9937E+005, 1.5312E+006, 1.0228E+003
  1.908     , 1.3774E+006, 1.5230E+006, 1.2672E+006
  1.855     , 1.4645E+006, 1.5195E+006, 1.4705E+006
  1.791     , 1.4874E+006, 1.5168E+006, 1.5022E+006
  1.724     , 1.5103E+006, 1.5146E+006, 1.5253E+006
  1.659     , 1.5090E+006, 1.5126E+006, 1.5486E+006
  1.605     , 1.4889E+006, 1.5105E+006, 1.5274E+006
  1.553     , 1.4839E+006, 1.5082E+006, 1.5077E+006
  1.502     , 1.4803E+006, 1.5059E+006, 1.5102E+006
  1.461     , 1.4649E+006, 1.5034E+006, 1.4964E+006
  2.000     , 1.2849E+006, 1.4990E+006, 1.1281E+006
  2.000     , 1.0012E+003, 1.4828E+006, 3.5038E+006
  2.000     , 3.8033E+004, 1.4563E+006, 1.1409E+008
  2.000     , 1.0208E+002, 1.4297E+006, 1.6451E+003
  1.966     , 7.3091E+005, 1.4084E+006, 1.0252E+002
  1.925     , 1.2578E+006, 1.4011E+006, 1.1552E+006
  1.879     , 1.3579E+006, 1.3982E+006, 1.3396E+006
  1.834     , 1.3799E+006, 1.3963E+006, 1.3945E+006
  1.795     , 1.3694E+006, 1.3945E+006, 1.3959E+006
  1.755     , 1.3595E+006, 1.3925E+006, 1.3794E+006
  1.716     , 1.3332E+006, 1.3903E+006, 1.3734E+006
  1.775     , 1.3092E+006, 1.3875E+006, 1.2766E+006
  1.733     , 1.3457E+006, 1.3852E+006, 1.3520E+006
  2.000     , 1.2540E+006, 1.3823E+006, 1.1944E+006
  2.000     , 3.1968E+004, 1.3687E+006, 3.2806E+009
  1.968     , 7.0078E+005, 1.3485E+006, 2.2924E+001
  2.000     , 1.1304E+006, 1.3413E+006, 1.0759E+006
  2.000     , 3.9296E+004, 1.3275E+006, 2.5231E+008
  2.000     , 5.0481E+005, 1.3122E+006, 4.6766E+009
  1.970     , 6.7283E+005, 1.2929E+006, 2.4332E+002
  1.936     , 1.1672E+006, 1.2866E+006, 1.0629E+006
  1.901     , 1.2544E+006, 1.2844E+006, 1.2429E+006
  1.867     , 1.2648E+006, 1.2829E+006, 1.2792E+006
  1.837     , 1.2587E+006, 1.2814E+006, 1.2731E+006
  1.801     , 1.2647E+006, 1.2799E+006, 1.2705E+006
  1.763     , 1.2754E+006, 1.2787E+006, 1.2834E+006
  1.725     , 1.2709E+006, 1.2775E+006, 1.2931E+006
  1.687     , 1.2691E+006, 1.2763E+006, 1.2815E+006
  1.650     , 1.2620E+006, 1.2751E+006, 1.2847E+006
  1.614     , 1.2677E+006, 1.2738E+006, 1.2716E+006
  1.578     , 1.2690E+006, 1.2726E+006, 1.2886E+006
  1.543     , 1.2626E+006, 1.2714E+006, 1.2807E+006
  1.510     , 1.2470E+006, 1.2701E+006, 1.2750E+006
  1.486     , 1.2387E+006, 1.2685E+006, 1.2479E+006
  1.462     , 1.2368E+006, 1.2669E+006, 1.2496E+006
  1.434     , 1.2331E+006, 1.2654E+006, 1.2486E+006
  1.732     , 1.1398E+006, 1.2628E+006, 1.0565E+006
  2.000     , 1.3274E+004, 1.2503E+006, 9.8695E+007
  2.000     , 5.2577E+003, 1.2279E+006, 5.2247E+006
  1.974     , 6.2869E+005, 1.2101E+006, 1.5120E+003
  2.000     , 1.0605E+006, 1.2040E+006, 9.6742E+005
  1.978     , 1.1531E+006, 1.2016E+006, 1.1213E+006
  1.954     , 1.1716E+006, 1.2001E+006, 1.1828E+006
  2.000     , 1.0978E+006, 1.1982E+006, 1.1429E+006
  2.000     , 2.5643E+004, 1.1865E+006, 1.6443E+009
  2.000     , 2.8545E+005, 1.1703E+006, 2.6034E+009
  1.978     , 5.9794E+005, 1.1533E+006, 2.1969E+002
  1.961     , 1.0415E+006, 1.1478E+006, 9.3745E+005
  1.940     , 1.1038E+006, 1.1460E+006, 1.1094E+006
  1.920     , 1.0874E+006, 1.1444E+006, 1.1098E+006
  1.896     , 1.0988E+006, 1.1427E+006, 1.0858E+006
  1.872     , 1.1182E+006, 1.1414E+006, 1.1173E+006
  1.849     , 1.1203E+006, 1.1404E+006, 1.1297E+006
  1.830     , 1.1233E+006, 1.1393E+006, 1.1241E+006
  1.836     , 1.1203E+006, 1.1383E+006, 1.1196E+006
  2.000     , 1.5861E+007, 1.3992E+006, 2.3275E+010
  2.000     , 4.6445E+004, 1.3754E+006, 1.3994E+009
  2.000     , 6.5095E+005, 1.3554E+006, 7.7383E+001
  2.000     , 1.3357E+003, 1.3383E+006, 9.8679E+005
  1.980     , 6.8685E+005, 1.3191E+006, 9.3361E+002
  1.988     , 1.1813E+006, 1.3130E+006, 1.0674E+006
  1.967     , 1.2519E+006, 1.3109E+006, 1.2556E+006
  2.000     , 1.0437E+006, 1.3078E+006, 1.2324E+006
  2.000     , 2.0120E+001, 1.2932E+006, 1.1647E+006
  1.986     , 6.5931E+005, 1.2747E+006, 1.3146E+001
  1.972     , 1.1415E+006, 1.2688E+006, 1.0332E+006
  1.961     , 1.2249E+006, 1.2669E+006, 1.2069E+006
  1.944     , 1.2430E+006, 1.2657E+006, 1.2435E+006
  1.924     , 1.2453E+006, 1.2648E+006, 1.2533E+006
  1.904     , 1.2490E+006, 1.2639E+006, 1.2508E+006
  2.000     , 1.1922E+006, 1.2625E+006, 1.1987E+006
  2.000     , 8.6935E+003, 1.2506E+006, 2.2191E+007
  1.985     , 6.4080E+005, 1.2328E+006, 7.6331E+002
  1.971     , 1.1077E+006, 1.2272E+006, 1.0059E+006
  1.954     , 1.1896E+006, 1.2255E+006, 1.1725E+006
  1.935     , 1.1991E+006, 1.2245E+006, 1.2086E+006
  1.915     , 1.2046E+006, 1.2235E+006, 1.2035E+006
  1.896     , 1.2028E+006, 1.2227E+006, 1.2152E+006
  1.879     , 1.2042E+006, 1.2218E+006, 1.2043E+006
  1.860     , 1.1962E+006, 1.2209E+006, 1.2142E+006
  1.949     , 1.1626E+006, 1.2196E+006, 1.1415E+006
  2.000     , 1.9080E+005, 1.2114E+006, 6.9440E+008
  2.000     , 4.5116E+002, 1.1901E+006, 2.0503E+007
  2.000     , 7.9280E+002, 1.1692E+006, 6.1299E+006
  1.984     , 5.9941E+005, 1.1525E+006, 1.9482E+002
  2.000     , 9.6025E+005, 1.1469E+006, 9.2940E+005
  2.000     , 6.0777E+003, 1.1351E+006, 2.5846E+008
  2.000     , 2.3169E+001, 1.1151E+006, 4.4987E+001
  2.000     , 3.3343E+004, 1.0961E+006, 9.8040E+008
  2.000     , 7.7229E+000, 1.0769E+006, 6.3183E+001
  2.000     , 8.6135E+002, 1.0580E+006, 7.6544E+000
  2.000     , 4.7002E+002, 1.0394E+006, 2.4676E+005
  1.982     , 5.3232E+005, 1.0246E+006, 4.1223E+002
  1.966     , 9.2158E+005, 1.0200E+006, 8.3583E+005
  1.947     , 9.8961E+005, 1.0187E+006, 9.7694E+005
  1.926     , 1.0016E+006, 1.0179E+006, 1.0053E+006
  2.000     , 9.0438E+005, 1.0165E+006, 9.6884E+005
  2.000     , 1.3303E+003, 1.0062E+006, 4.6208E+007
  2.000     , 7.4482E+003, 9.8869E+005, 1.2107E+007
  2.000     , 5.2502E+004, 9.7224E+005, 2.7030E+008
  2.000     , 7.4715E+004, 9.5645E+005, 4.5267E+009
  2.000     , 4.1434E+003, 9.3972E+005, 1.6857E+007
  2.000     , 7.8222E+003, 9.2335E+005, 1.4625E+007
  1.983     , 4.7519E+005, 9.1021E+005, 7.6219E+002
  1.964     , 8.2112E+005, 9.0618E+005, 7.4801E+005
  1.943     , 8.7908E+005, 9.0495E+005, 8.6929E+005
  1.921     , 8.9154E+005, 9.0424E+005, 8.9257E+005
  1.899     , 8.9181E+005, 9.0363E+005, 8.9955E+005
  1.876     , 8.9340E+005, 9.0304E+005, 8.9626E+005
  1.850     , 8.9376E+005, 9.0248E+005, 9.0153E+005
  1.825     , 8.8669E+005, 9.0188E+005, 8.9941E+005
  1.915     , 8.5249E+005, 9.0088E+005, 8.4584E+005
  2.000     , 7.7037E+005, 8.9906E+005, 8.2604E+005
  2.000     , 4.0623E+002, 8.8972E+005, 7.5488E+005
  2.000     , 4.3914E+005, 8.7693E+005, 2.6931E+002
  2.000     , 1.9261E+004, 8.6648E+005, 8.7292E+008
  2.000     , 1.3377E+002, 8.5123E+005, 1.3091E+007
  2.000     , 1.4268E+003, 8.3626E+005, 1.3290E+001
  2.000     , 1.7601E+002, 8.2155E+005, 1.4156E+003
  2.000     , 1.1094E+001, 8.0708E+005, 1.7429E+002
  2.000     , 4.0444E+005, 7.9548E+005, 1.0994E+001
  1.973     , 7.0642E+005, 7.9168E+005, 6.3376E+005
  1.946     , 7.6953E+005, 7.9049E+005, 7.5517E+005
  1.916     , 7.8352E+005, 7.8988E+005, 7.8724E+005
  1.898     , 7.7606E+005, 7.8932E+005, 7.8761E+005
  2.000     , 7.3663E+005, 7.8832E+005, 7.3719E+005
  2.000     , 6.9820E+005, 7.8676E+005, 7.3604E+005
  2.000     , 1.0302E+004, 7.7892E+005, 1.5177E+008
  2.000     , 3.9060E+005, 7.6770E+005, 8.8997E+001
  2.000     , 5.5164E+005, 7.6313E+005, 6.0538E+005
  2.000     , 1.7554E+001, 7.5425E+005, 5.2674E+005
  2.000     , 3.8450E+005, 7.4341E+005, 1.2360E+001
  1.979     , 6.6932E+005, 7.3999E+005, 6.0564E+005
  1.957     , 7.1559E+005, 7.3889E+005, 7.1129E+005
  1.942     , 7.2560E+005, 7.3818E+005, 7.2250E+005
  1.916     , 7.2566E+005, 7.3759E+005, 7.3514E+005
  1.891     , 7.2599E+005, 7.3697E+005, 7.2802E+005
  1.865     , 7.2738E+005, 7.3640E+005, 7.3294E+005
  1.834     , 7.2537E+005, 7.3583E+005, 7.3423E+005
  1.800     , 7.2646E+005, 7.3525E+005, 7.3158E+005
  1.766     , 7.2557E+005, 7.3470E+005, 7.3459E+005
  1.870     , 6.9809E+005, 7.3386E+005, 6.8806E+005
  2.000     , 9.0990E+005, 7.4246E+005, 3.7679E+010
  1.982     , 3.7806E+005, 7.3179E+005, 3.0665E+001
  1.963     , 6.5792E+005, 7.2841E+005, 5.9306E+005
  1.926     , 7.0731E+005, 7.2737E+005, 7.0490E+005
  1.883     , 7.1723E+005, 7.2674E+005, 7.2137E+005
  1.842     , 7.1766E+005, 7.2621E+005, 7.2800E+005
  1.798     , 7.2123E+005, 7.2570E+005, 7.2578E+005
  1.751     , 7.1879E+005, 7.2524E+005, 7.3413E+005
  1.705     , 7.2081E+005, 7.2473E+005, 7.2582E+005
  1.657     , 7.1948E+005, 7.2428E+005, 7.3462E+005
  1.622     , 7.1239E+005, 7.2372E+005, 7.2357E+005
  1.582     , 7.1736E+005, 7.2315E+005, 7.2085E+005
  1.539     , 7.1851E+005, 7.2266E+005, 7.3087E+005
  1.501     , 7.1301E+005, 7.2213E+005, 7.2625E+005
  1.461     , 7.1607E+005, 7.2156E+005, 7.2145E+005
  1.584     , 6.8538E+005, 7.2074E+005, 6.6983E+005
  2.000     , 1.4705E+006, 7.3903E+005, 1.3961E+011
  2.000     , 1.1385E+003, 7.2594E+005, 1.3217E+001
  2.000     , 1.8059E+005, 7.1618E+005, 1.4673E+009
  2.000     , 3.5612E+005, 7.0580E+005, 1.4954E+002
  2.000     , 6.0819E+003, 6.9716E+005, 4.1610E+006
  2.000     , 3.4540E+005, 6.8705E+005, 1.3447E+003
  2.000     , 7.0696E+004, 6.7973E+005, 5.7437E+009
  1.962     , 3.4661E+005, 6.6991E+005, 1.4428E+001
  1.919     , 6.0587E+005, 6.6678E+005, 5.4742E+005
  1.910     , 6.4268E+005, 6.6574E+005, 6.4040E+005
  1.874     , 6.3147E+005, 6.6486E+005, 6.5389E+005
  1.824     , 6.3646E+005, 6.6384E+005, 6.3299E+005
  1.777     , 6.4664E+005, 6.6304E+005, 6.5178E+005
  1.736     , 6.4535E+005, 6.6231E+005, 6.5586E+005
  1.698     , 6.5411E+005, 6.6162E+005, 6.5129E+005
  1.653     , 6.5359E+005, 6.6107E+005, 6.6958E+005
  2.000     , 5.7844E+005, 6.5975E+005, 5.5304E+005
  2.000     , 4.1552E+004, 6.5368E+005, 1.0482E+010
  2.000     , 1.2315E+001, 6.4203E+005, 7.4184E+005
  2.000     , 2.5502E+002, 6.3059E+005, 7.2889E+000
  1.960     , 3.2610E+005, 6.2147E+005, 2.5705E+002
  1.937     , 5.5779E+005, 6.1857E+005, 5.1332E+005
  1.931     , 5.8732E+005, 6.1745E+005, 5.8350E+005
  2.000     , 6.8371E+006, 7.2794E+005, 1.3697E+009
  1.963     , 3.7717E+005, 7.1808E+005, 6.2653E+003
  1.919     , 6.5343E+005, 7.1481E+005, 5.9448E+005
  2.000     , 6.6310E+005, 7.1350E+005, 6.6303E+005
  2.000     , 2.4126E+005, 7.1062E+005, 2.1553E+009
  2.000     , 2.4699E+005, 7.0222E+005, 7.1145E+008
  1.955     , 3.6064E+005, 6.9209E+005, 4.2110E+002
  1.992     , 6.1679E+005, 6.8879E+005, 5.5131E+005
  1.938     , 6.6821E+005, 6.8770E+005, 6.6818E+005
  1.890     , 6.7389E+005, 6.8699E+005, 6.8198E+005
  1.844     , 6.7285E+005, 6.8631E+005, 6.8282E+005
  1.825     , 6.6890E+005, 6.8558E+005, 6.7287E+005
  1.789     , 6.7437E+005, 6.8489E+005, 6.7737E+005
  1.768     , 6.7077E+005, 6.8423E+005, 6.7926E+005
  1.721     , 6.7202E+005, 6.8355E+005, 6.8040E+005
  1.679     , 6.5793E+005, 6.8280E+005, 6.8092E+005
  1.626     , 6.5963E+005, 6.8189E+005, 6.6268E+005
  1.566     , 6.6961E+005, 6.8114E+005, 6.7767E+005
  1.507     , 6.6456E+005, 6.8045E+005, 6.8556E+005
  1.440     , 6.6279E+005, 6.7967E+005, 6.7760E+005
  1.365     , 6.7238E+005, 6.7897E+005, 6.8307E+005
  1.301     , 6.7251E+005, 6.7838E+005, 6.9175E+005
  1.244     , 6.6770E+005, 6.7773E+005, 6.8631E+005
  1.200     , 6.6886E+005, 6.7704E+005, 6.7702E+005
  1.144     , 6.6768E+005, 6.7641E+005, 6.8873E+005
  1.083     , 6.6880E+005, 6.7574E+005, 6.8528E+005
  1.015     , 6.7100E+005, 6.7512E+005, 6.9264E+005
  2.000     , 1.0855E+005, 6.6981E+005, 3.9396E+005
  2.000     , 2.0259E-002, 6.5855E+005, 8.4952E+004
  2.000     , 1.0421E+002, 6.4674E+005, 1.8670E-002
  1.950     , 3.3294E+005, 6.3730E+005, 1.0543E+002
  1.899     , 5.7716E+005, 6.3426E+005, 5.2866E+005
  1.842     , 6.1783E+005, 6.3320E+005, 6.1864E+005
  1.817     , 6.1678E+005, 6.3241E+005, 6.2430E+005
  1.763     , 6.2093E+005, 6.3164E+005, 6.2741E+005
  1.698     , 6.2039E+005, 6.3094E+005, 6.3641E+005
  1.625     , 6.2839E+005, 6.3026E+005, 6.3363E+005
  1.548     , 6.3151E+005, 6.2973E+005, 6.4964E+005
  1.468     , 6.3194E+005, 6.2919E+005, 6.4872E+005
  1.383     , 6.3058E+005, 6.2866E+005, 6.5286E+005
  1.303     , 6.3095E+005, 6.2809E+005, 6.4837E+005
  1.230     , 6.2248E+005, 6.2747E+005, 6.5003E+005
  1.166     , 6.1718E+005, 6.2671E+005, 6.3494E+005
  1.104     , 6.1802E+005, 6.2593E+005, 6.3401E+005
  1.034     , 6.1920E+005, 6.2518E+005, 6.4037E+005
 0.9583     , 6.1977E+005, 6.2445E+005, 6.4361E+005
 0.8829     , 6.2030E+005, 6.2373E+005, 6.4544E+005
 0.8100     , 6.1729E+005, 6.2300E+005, 6.4678E+005
 0.8755     , 5.9781E+005, 6.2199E+005, 5.7642E+005
 0.8101     , 6.1613E+005, 6.2115E+005, 6.3714E+005
 0.7345     , 6.1797E+005, 6.2044E+005, 6.4805E+005
 0.6629     , 6.1404E+005, 6.1971E+005, 6.4764E+005
 0.5912     , 6.1114E+005, 6.1893E+005, 6.4576E+005
 0.5151     , 6.1686E+005, 6.1819E+005, 6.4925E+005
 0.4403     , 6.1260E+005, 6.1748E+005, 6.6010E+005
 0.3704     , 6.0567E+005, 6.1666E+005, 6.5308E+005
 0.5846     , 5.6818E+005, 6.1528E+005, 4.6937E+005
 0.5364     , 6.0196E+005, 6.1427E+005, 6.2566E+005
 0.4811     , 6.0000E+005, 6.1340E+005, 6.3131E+005
 0.4374     , 5.9880E+005, 6.1249E+005, 6.2148E+005
 0.3912     , 6.0411E+005, 6.1163E+005, 6.2629E+005
 0.3237     , 6.0504E+005, 6.1087E+005, 6.5221E+005
 0.2473     , 6.0634E+005, 6.1012E+005, 6.6189E+005
 0.1656     , 6.0775E+005, 6.0938E+005, 6.7723E+005
 0.7170E-001, 6.0162E+005, 6.0862E+005, 7.0751E+005
 0.1000E-004, 5.9319E+005, 6.0769E+005, 6.8498E+005
 0.1000E-004, 5.8368E+005, 6.0655E+005, 5.8260E+005
 0.1000E-004, 5.9186E+005, 6.0548E+005, 5.8332E+005
 0.1000E-004, 5.9203E+005, 6.0450E+005, 5.9240E+005
 0.1000E-004, 5.8978E+005, 6.0351E+005, 5.9156E+005
 0.1000E-004, 5.7947E+005, 6.0243E+005, 5.8914E+005
 0.1000E-004, 5.8602E+005, 6.0131E+005, 5.7789E+005
 0.1000E-004, 5.9004E+005, 6.0029E+005, 5.8648E+005
 0.1000E-004, 5.8293E+005, 5.9926E+005, 5.9001E+005
 0.1000E-004, 5.8033E+005, 5.9814E+005, 5.8166E+005
 0.1000E-004, 5.8296E+005, 5.9703E+005, 5.7969E+005
 0.1000E-004, 5.8250E+005, 5.9596E+005, 5.8286E+005
 0.1000E-004, 5.8014E+005, 5.9489E+005, 5.8199E+005
 0.1000E-004, 5.7719E+005, 5.9377E+005, 5.7946E+005
 0.1000E-004, 5.7637E+005, 5.9264E+005, 5.7645E+005
 0.1000E-004, 5.7694E+005, 5.9153E+005, 5.7588E+005
 0.1000E-004, 5.7368E+005, 5.9040E+005, 5.7658E+005
 0.1000E-004, 5.7399E+005, 5.8926E+005, 5.7286E+005
 0.1000E-004, 5.7427E+005, 5.8814E+005, 5.7362E+005
 0.1000E-004, 5.7377E+005, 5.8703E+005, 5.7386E+005
 0.1000E-004, 5.6598E+005, 5.8586E+005, 5.7328E+005
 0.1000E-004, 5.6761E+005, 5.8461E+005, 5.6464E+005
 0.1000E-004, 5.6908E+005, 5.8340E+005, 5.6741E+005
 0.1000E-004, 5.6410E+005, 5.8215E+005, 5.6874E+005
 0.1000E-004, 5.6100E+005, 5.8082E+005, 5.6302E+005
 0.1000E-004, 5.6311E+005, 5.7948E+005, 5.6019E+005
 0.1000E-004, 5.6236E+005, 5.7817E+005, 5.6287E+005
 0.1000E-004, 5.6092E+005, 5.7684E+005, 5.6174E+005
 0.1000E-004, 5.6136E+005, 5.7551E+005, 5.6025E+005
 0.1000E-004, 5.5592E+005, 5.7416E+005, 5.6091E+005
 0.1000E-004, 5.5235E+005, 5.7274E+005, 5.5476E+005
 0.1000E-004, 5.4761E+005, 5.7128E+005, 5.5147E+005
 0.1000E-004, 5.5255E+005, 5.6985E+005, 5.4655E+005
 0.1000E-004, 5.5063E+005, 5.6851E+005, 5.5264E+005
 0.1000E-004, 5.5149E+005, 5.6717E+005, 5.4983E+005
 0.1000E-004, 5.5368E+005, 5.6590E+005, 5.5111E+005
 0.1000E-004, 5.4868E+005, 5.6463E+005, 5.5343E+005
 0.1000E-004, 5.4241E+005, 5.6328E+005, 5.4758E+005
 0.1000E-004, 5.4427E+005, 5.6192E+005, 5.4124E+005
 0.1000E-004, 5.4607E+005, 5.6061E+005, 5.4404E+005
 0.1000E-004, 5.5001E+005, 5.5937E+005, 5.4575E+005
 0.1000E-004, 5.4301E+005, 5.5811E+005, 5.4997E+005
 0.1000E-004, 5.3993E+005, 5.5677E+005, 5.4165E+005
 0.1000E-004, 5.4120E+005, 5.5543E+005, 5.3915E+005
 0.1000E-004, 5.3939E+005, 5.5410E+005, 5.4086E+005
 0.1000E-004, 5.4127E+005, 5.5277E+005, 5.3865E+005
 0.1000E-004, 5.3314E+005, 5.5142E+005, 5.4100E+005
 0.1000E-004, 5.2868E+005, 5.4995E+005, 5.3166E+005
 0.1000E-004, 5.3107E+005, 5.4846E+005, 5.2771E+005
 0.1000E-004, 5.3032E+005, 5.4702E+005, 5.3082E+005
 0.1000E-004, 5.2645E+005, 5.4556E+005, 5.2964E+005
 0.1000E-004, 5.2685E+005, 5.4410E+005, 5.2546E+005
 0.1000E-004, 5.2500E+005, 5.4266E+005, 5.2639E+005
 0.1000E-004, 5.2059E+005, 5.4121E+005, 5.2423E+005
 0.1000E-004, 5.2305E+005, 5.3975E+005, 5.1956E+005
 0.1000E-004, 5.2085E+005, 5.3833E+005, 5.2283E+005
 0.1000E-004, 5.1681E+005, 5.3688E+005, 5.2002E+005
 0.1000E-004, 5.1327E+005, 5.3539E+005, 5.1582E+005
 0.1000E-004, 5.1170E+005, 5.3389E+005, 5.1235E+005
 0.1000E-004, 5.1160E+005, 5.3242E+005, 5.1099E+005
 0.1000E-004, 5.1517E+005, 5.3103E+005, 5.1105E+005
 0.1000E-004, 5.1483E+005, 5.2971E+005, 5.1505E+005
 0.1000E-004, 5.1314E+005, 5.2838E+005, 5.1423E+005
 0.1000E-004, 5.0985E+005, 5.2702E+005, 5.1244E+005
 0.1000E-004, 5.0737E+005, 5.2563E+005, 5.0897E+005
 0.1000E-004, 5.0965E+005, 5.2427E+005, 5.0659E+005
 0.1000E-004, 5.1003E+005, 5.2296E+005, 5.0942E+005
 0.1000E-004, 5.0677E+005, 5.2165E+005, 5.0954E+005
 0.1000E-004, 5.0212E+005, 5.2030E+005, 5.0589E+005
 0.1000E-004, 5.0891E+005, 5.1898E+005, 5.0111E+005
 0.1000E-004, 5.1077E+005, 5.1777E+005, 5.0926E+005
 0.1000E-004, 4.9906E+005, 5.1651E+005, 5.1043E+005
 0.1000E-004, 5.0719E+005, 5.1520E+005, 4.9721E+005
 0.1000E-004, 5.0152E+005, 5.1396E+005, 5.0780E+005
 0.1000E-004, 4.9726E+005, 5.1263E+005, 5.0025E+005
 0.1000E-004, 4.9549E+005, 5.1129E+005, 4.9635E+005
 0.1000E-004, 4.9273E+005, 5.0994E+005, 4.9482E+005
 0.1000E-004, 4.9909E+005, 5.0863E+005, 4.9191E+005
 0.1000E-004, 4.8981E+005, 5.0734E+005, 4.9937E+005
 0.1000E-004, 4.9207E+005, 5.0599E+005, 4.8816E+005
 0.1000E-004, 4.8546E+005, 5.0464E+005, 4.9195E+005
 0.1000E-004, 4.8553E+005, 5.0325E+005, 4.8414E+005
 0.1000E-004, 4.8379E+005, 5.0188E+005, 4.8510E+005
 0.1000E-004, 4.8743E+005, 5.0056E+005, 4.8306E+005
 0.1000E-004, 4.8828E+005, 4.9930E+005, 4.8737E+005
 0.1000E-004, 4.8452E+005, 4.9805E+005, 4.8784E+005
 0.1000E-004, 4.8482E+005, 4.9678E+005, 4.8359E+005
 0.1000E-004, 4.7930E+005, 4.9549E+005, 4.8441E+005
 0.1000E-004, 4.7666E+005, 4.9414E+005, 4.7816E+005
 0.1000E-004, 4.7300E+005, 4.9276E+005, 4.7591E+005
 0.1000E-004, 4.7679E+005, 4.9141E+005, 4.7208E+005
 0.1000E-004, 4.7754E+005, 4.9014E+005, 4.7676E+005
 0.1000E-004, 4.7246E+005, 4.8887E+005, 4.7709E+005
 0.1000E-004, 4.6658E+005, 4.8755E+005, 4.7139E+005
 0.1000E-004, 4.7200E+005, 4.8626E+005, 4.6548E+005
 0.1000E-004, 4.6363E+005, 4.8500E+005, 4.7221E+005
  2.000     , 6.4341E+004, 4.8028E+005, 8.1909E+004
  2.000     , 2.3250E-001, 4.7170E+005, 6.2402E+004
  2.000     , 1.1685E+002, 4.6277E+005, 2.1377E-001
  1.941     , 2.3689E+005, 4.5556E+005, 1.1864E+002
  1.873     , 4.0868E+005, 4.5293E+005, 3.7733E+005
  1.803     , 4.3362E+005, 4.5168E+005, 4.3866E+005
  1.728     , 4.4340E+005, 4.5070E+005, 4.4554E+005
  1.658     , 4.4490E+005, 4.4986E+005, 4.5689E+005
  1.604     , 4.3969E+005, 4.4900E+005, 4.5017E+005
  1.547     , 4.3953E+005, 4.4812E+005, 4.4686E+005
  1.489     , 4.3196E+005, 4.4723E+005, 4.4885E+005
  1.438     , 4.2936E+005, 4.4626E+005, 4.3511E+005
  1.387     , 4.3060E+005, 4.4535E+005, 4.3850E+005
  1.334     , 4.3432E+005, 4.4451E+005, 4.3940E+005
  1.279     , 4.3599E+005, 4.4376E+005, 4.4576E+005
  1.214     , 4.3758E+005, 4.4306E+005, 4.4831E+005
  1.148     , 4.3789E+005, 4.4240E+005, 4.5091E+005
  1.091     , 4.2090E+005, 4.4163E+005, 4.4833E+005
  1.034     , 4.2770E+005, 4.4073E+005, 4.2571E+005
 0.9779     , 4.3301E+005, 4.4003E+005, 4.4533E+005
 0.9327     , 4.3009E+005, 4.3935E+005, 4.4225E+005
 0.8883     , 4.2567E+005, 4.3865E+005, 4.3964E+005
 0.8390     , 4.2504E+005, 4.3792E+005, 4.3672E+005
 0.7894     , 4.2291E+005, 4.3720E+005, 4.3784E+005
 0.7327     , 4.2926E+005, 4.3652E+005, 4.3802E+005
 0.6726     , 4.3302E+005, 4.3597E+005, 4.4941E+005
 0.6171     , 4.2917E+005, 4.3542E+005, 4.5037E+005
 0.5666     , 4.2893E+005, 4.3484E+005, 4.4411E+005
 0.5184     , 4.2218E+005, 4.3423E+005, 4.4598E+005
 0.6403     , 4.0630E+005, 4.3334E+005, 3.6837E+005
 0.6023     , 4.2589E+005, 4.3266E+005, 4.3274E+005
 0.5566     , 4.2223E+005, 4.3209E+005, 4.4330E+005
 0.4984     , 4.2147E+005, 4.3147E+005, 4.4226E+005
 0.4371     , 4.2755E+005, 4.3089E+005, 4.4520E+005
 0.3785     , 4.2974E+005, 4.3041E+005, 4.5368E+005
 0.3180     , 4.2499E+005, 4.2992E+005, 4.5832E+005
 0.2593     , 4.2356E+005, 4.2936E+005, 4.5338E+005
 0.2049     , 4.2940E+005, 4.2886E+005, 4.5341E+005
 0.1548     , 4.2809E+005, 4.2842E+005, 4.6140E+005
 0.1149     , 4.2000E+005, 4.2791E+005, 4.5344E+005
 0.7216E-001, 4.2220E+005, 4.2735E+005, 4.5010E+005
 0.3240E-001, 4.2018E+005, 4.2682E+005, 4.5412E+005
 0.1000E-004, 4.1587E+005, 4.2624E+005, 4.4706E+005
 0.1000E-004, 4.1253E+005, 4.2559E+005, 4.1212E+005
 0.7941E-001, 4.0496E+005, 4.2483E+005, 3.4814E+005
 0.5253E-001, 4.1593E+005, 4.2424E+005, 4.3526E+005
 0.2719E-001, 4.2334E+005, 4.2376E+005, 4.3609E+005
 0.1000E-004, 4.2094E+005, 4.2335E+005, 4.4819E+005
 0.1000E-004, 4.0617E+005, 4.2278E+005, 4.1763E+005
  2.000     , 1.5049E+007, 6.7628E+005, 8.1408E+010
  2.000     , 3.4521E+005, 6.6639E+005, 2.1227E+002
  1.973     , 6.0288E+005, 6.6313E+005, 5.4524E+005
  1.951     , 6.4320E+005, 6.6199E+005, 6.4106E+005
  2.000     , 6.3637E+005, 6.6104E+005, 6.3118E+005
  2.000     , 8.1789E+005, 6.6860E+005, 8.9149E+009
  2.000     , 3.2677E+005, 6.5873E+005, 1.0413E+002
  2.000     , 7.6061E+004, 6.5168E+005, 4.2635E+009
  2.000     , 1.8266E+002, 6.4000E+005, 1.9734E+001
  1.976     , 3.2824E+005, 6.3066E+005, 1.8281E+002
  1.950     , 5.7150E+005, 6.2766E+005, 5.1738E+005
  1.940     , 6.0539E+005, 6.2661E+005, 6.0411E+005
  1.907     , 6.1463E+005, 6.2585E+005, 6.1430E+005
  1.873     , 6.1905E+005, 6.2523E+005, 6.2390E+005
  1.838     , 6.2098E+005, 6.2466E+005, 6.2565E+005
  1.808     , 6.1690E+005, 6.2411E+005, 6.2650E+005
  1.776     , 6.1366E+005, 6.2349E+005, 6.2062E+005
  2.000     , 5.6338E+005, 6.2241E+005, 5.5356E+005
  2.000     , 2.3010E+003, 6.1617E+005, 7.2588E+006
  1.977     , 3.1540E+005, 6.0724E+005, 2.9233E+002
  1.952     , 5.4343E+005, 6.0435E+005, 4.9610E+005
  1.929     , 5.8121E+005, 6.0331E+005, 5.7515E+005
  1.905     , 5.9133E+005, 6.0263E+005, 5.9026E+005
  1.881     , 5.9391E+005, 6.0208E+005, 5.9792E+005
  1.860     , 5.9055E+005, 6.0152E+005, 5.9711E+005
  1.840     , 5.7177E+005, 6.0082E+005, 5.9205E+005
  1.817     , 5.7444E+005, 5.9991E+005, 5.6650E+005
  1.797     , 5.8518E+005, 5.9921E+005, 5.8388E+005
  1.775     , 5.8871E+005, 5.9864E+005, 5.9147E+005
  1.754     , 5.9153E+005, 5.9813E+005, 5.9281E+005
  1.731     , 5.9050E+005, 5.9766E+005, 5.9699E+005
  1.708     , 5.8755E+005, 5.9716E+005, 5.9314E+005
  1.686     , 5.8665E+005, 5.9664E+005, 5.9056E+005
  1.665     , 5.8583E+005, 5.9612E+005, 5.9045E+005
  1.645     , 5.8493E+005, 5.9559E+005, 5.8898E+005
  1.622     , 5.8627E+005, 5.9509E+005, 5.8931E+005
  1.598     , 5.9176E+005, 5.9465E+005, 5.9149E+005
  1.576     , 5.6471E+005, 5.9410E+005, 5.9809E+005
  1.553     , 5.6601E+005, 5.9320E+005, 5.5484E+005
  1.531     , 5.8037E+005, 5.9255E+005, 5.7773E+005
  1.507     , 5.8057E+005, 5.9205E+005, 5.8895E+005
  1.590     , 5.6825E+005, 5.9138E+005, 5.5254E+005
  1.572     , 5.7505E+005, 5.9077E+005, 5.8113E+005
  1.551     , 5.8026E+005, 5.9023E+005, 5.7792E+005
  1.533     , 5.8253E+005, 5.8979E+005, 5.8671E+005
  1.513     , 5.8457E+005, 5.8939E+005, 5.8651E+005
  1.488     , 5.8325E+005, 5.8902E+005, 5.9083E+005
  1.466     , 5.8369E+005, 5.8864E+005, 5.8623E+005
  1.443     , 5.8243E+005, 5.8827E+005, 5.8954E+005
  1.421     , 5.8180E+005, 5.8789E+005, 5.8591E+005
  1.398     , 5.8612E+005, 5.8754E+005, 5.8694E+005
  1.375     , 5.8502E+005, 5.8725E+005, 5.9319E+005
  1.350     , 5.8340E+005, 5.8692E+005, 5.8914E+005
